-7.786102380667207778e-02 -2.593658029060962322e-01 1.982306839973001916e-02 -2.570434310704026309e-02 8.484538283242656909e-02 2.762014471747402111e-01 2.541103132744071402e-01
1.926270451612402124e-01 -3.476058560724379354e-02 4.904283430726764231e-02 -9.662321290225817094e-02 6.063913415656603523e-02 2.341270120145943351e-02 -2.038255726674474133e-01
1.091860482263138643e-01 -3.927848457748507605e-02 -1.312341616169382108e-01 -6.072514282682702630e-02 3.300527666012984668e-02 2.526008060360027674e-01 -6.056446813379199462e-02
3.844267290527409453e-01 -1.302631926399243911e-01 -5.227138194422494694e-04 -1.302402306632451379e-01 1.091449655926585161e-02 -2.212936441095834754e-03 -1.259051965343045976e-01
2.357788883964426555e-02 -1.217198419402104881e-01 -1.203974559909318093e-01 1.783511430537918288e-02 2.321115055537806629e-02 5.396083099360246028e-03 -1.587406751115670311e-01
-1.669829963057025135e-01 -1.725795892065721260e-01 7.637142160349623399e-02 -1.097164215943510768e-01 1.576274845181396544e-01 2.566014739042027926e-01 1.157239177692362952e-01
-1.896499052280095077e-01 -1.900969840830825097e-01 1.970156921583476883e-01 -1.018653938107016710e-01 2.789955391187663447e-01 1.563845226637933794e-01 -6.577268230853891562e-02
-3.827616709249587884e-02 -1.940057658090721115e-01 -4.158220093901757869e-02 -1.525731163329479001e-01 3.060280512405703091e-01 1.209152066940960002e-01 1.353586393608569860e-01
-2.428916540644243949e-01 -1.149779207006650927e-01 -1.317533144567575032e-01 -9.055812296750292978e-02 1.701363152567556547e-01 2.967749687647964763e-01 1.499265361244536687e-01
3.913488976624015514e-01 -2.411009600369475314e-01 -7.193184097986929371e-02 -2.445035635628890758e-01 2.295655546955197024e-02 -6.391112348264060827e-02 -1.611899083962508306e-01
4.254133020800121012e-01 -1.183836307333452353e-01 2.100645198660540391e-02 -1.693903891841241904e-01 9.552157105659585604e-03 -8.376767842785695639e-02 -2.448087957093533218e-01
3.250860693963170123e-02 -1.764947779464345334e-01 -9.774357337393319023e-02 -1.633139068069419109e-01 1.185952292942808461e-01 -8.495575600322509413e-02 -1.558641718151346483e-03
3.405704717577537344e-01 -2.344437969551137757e-01 1.418836131715016380e-01 -9.290433811480484916e-02 3.223984239823197984e-02 -6.738056083579512315e-03 -5.205059749769198885e-02
2.137012057530260703e-02 -2.485611233343116289e-01 -6.942063834804360067e-02 -2.210603139981500709e-01 1.094420958056820242e-01 2.931886351081575137e-01 4.598545228923773404e-02
-1.839467023576634996e-01 -3.126229021622117799e-02 -8.324262718011914142e-02 1.027878799811585558e-01 2.156818217115477887e-01 -1.043898123633658394e-02 1.726194358487466718e-01
1.403866448137161028e-02 -9.446498570220512869e-02 -8.368941502569240964e-02 -8.955448768362894718e-02 1.767812145186124784e-01 4.059947096140299472e-01 -1.674847659665017752e-01
-4.589954798373795108e-02 -1.526666818859871988e-01 1.557660849191360754e-02 -1.313216460202838443e-01 9.960983362033562494e-02 2.796668519147810783e-01 -5.561333014718096435e-02
1.696753250415336256e-01 -1.376028187513581302e-01 -7.004702198074572173e-02 -2.515747917190143679e-01 2.003097729612708100e-01 -1.699461174008018161e-01 -3.126794628467391424e-03
-2.633419081091275746e-02 1.404534148307979213e-03 -1.303275494819320507e-02 -1.346071633864644179e-01 3.806422827400638559e-02 -4.238992388291039359e-02 1.132776391999812254e-01
-1.277741705476910516e-01 -1.055478737797568706e-01 1.573773584995681596e-01 2.154513179848786819e-02 1.140242342123083258e-01 2.958268037398720796e-01 -8.109886046493383627e-02
1.768645543515058038e-01 -2.336515305884816762e-01 1.086812850892284778e-02 -2.202608982788172021e-01 1.043673931206768046e-01 -8.817772096874809673e-02 -8.884912794018698379e-02
4.007345050777676443e-01 -3.445693974705613671e-01 -8.232058612974609002e-04 -2.630652103793805208e-01 4.012034101258706298e-01 -4.308822152077912415e-02 -1.365465589078619368e-01
2.566808860267206782e-01 -3.097565518904357162e-01 -1.574407254465974570e-01 -2.162697093777186663e-01 4.618041469759797679e-01 8.537871781359061829e-02 9.395171923746279893e-03
-1.738590607121826281e-01 -1.108261736631682565e-01 1.061980807023825552e-01 -5.870725308713524611e-03 2.018729040051660539e-01 2.238257220737107089e-01 -7.006226723574796034e-02
2.373839195567374258e-02 -1.924322671809001739e-01 9.348350777252980789e-03 -1.698206737240527953e-01 3.649998978203719546e-01 3.353131023818869960e-01 -3.111615883852933417e-02
2.013888989699018708e-02 -1.820061898928116151e-01 1.329436072501978192e-02 -4.393041286079106544e-02 2.700762834633165244e-01 1.851790232195723862e-01 -1.391508992148045645e-02
2.881574581089793585e-01 -3.963996406201661382e-02 -1.372570325425566673e-01 -7.899555328230914442e-02 1.346462024325772444e-01 -2.357657166957519701e-01 -3.208871463237659705e-01
-4.915290718439693785e-02 -9.019250202840210784e-02 -9.170653966983159655e-02 -4.724373337176444865e-02 1.475335826342086820e-01 6.922898997601122095e-02 1.238417720318783083e-01
-1.689244923470663573e-01 -6.172173091480884222e-02 1.424244634778749907e-01 -4.183554948547656832e-02 2.178500163465016959e-01 2.932516965263713415e-01 6.630639850959411941e-02
-1.080338468720950240e-01 -8.660250629854678028e-02 9.753487718908158965e-02 -1.504616104645437047e-02 -4.073017679643437666e-02 1.701213348503633205e-01 1.054132905464852388e-01
-4.932664737937135502e-02 -2.952186422505226338e-02 5.326538583995622800e-02 -1.924133450758294117e-01 1.811421523151751645e-01 4.066726835289044550e-02 -8.990349586762103051e-02
-1.129472769952747785e-01 1.604184420584532922e-01 4.750413780833069588e-02 1.551811440922473417e-01 -1.089750122689312276e-02 -5.446373647543247334e-03 -9.630520410190776537e-02
-2.994247032091566611e-03 -1.147291861095594695e-01 -7.029880419176540163e-02 -2.414755803617938193e-02 2.582004490118240958e-01 -8.587065831567688989e-02 -5.568502616178482717e-03
-7.423941686940098428e-02 -1.927159131210158249e-01 1.634170998768503247e-01 2.574637709121982421e-02 2.119637526233280611e-01 1.794362584143062433e-01 1.032768672891122563e-01
1.539623718983753609e-01 -8.587915954299317478e-02 2.080940426975356333e-02 -1.494932390991503268e-01 9.535977355864250563e-03 -8.285302007127889889e-02 3.496384574058636341e-02
2.273731019821707278e-01 -3.414627874885803882e-01 -5.460677847039404481e-02 -2.238372067505037255e-01 1.455887219400958110e-01 2.680026934328226251e-01 1.352454360102090525e-01
1.219681513719983457e-01 -1.420830435895802935e-01 -5.112584212632920178e-02 -1.267031295702072680e-01 -1.052154756763739457e-01 1.378716540523564349e-01 -1.730677254084115810e-02
3.603191189209818679e-02 -1.634032367539465513e-01 -2.600077083762409799e-02 -2.251289101920757041e-01 2.232678775225754864e-02 2.376733394698373747e-01 -2.610750720243567788e-02
1.168651019471200481e-01 -2.256594987013202935e-01 -3.608238626667479437e-02 -1.909078987397345162e-01 1.052088848005777871e-01 5.148223467393762964e-02 1.577874104757026885e-01
3.657778003031104674e-01 -3.252310349711171056e-01 -3.999942938132305947e-02 -2.421770737109403271e-01 4.085946469014445359e-02 -4.872999324787401915e-02 3.495250772704416170e-02
-4.791453564059305198e-02 -2.794765020853460236e-01 5.509999928843779815e-02 -2.757535772892092951e-01 2.574016096735333714e-01 1.465909480179971858e-01 1.046564190504534891e-02
4.143247380435620131e-01 -1.538988432878075074e-01 7.450893681059313212e-02 -2.292606185696396404e-01 -9.093420557325723741e-02 8.164256791416468761e-02 -2.131808407961181540e-01
4.146207718935449038e-01 -1.540595122424693597e-01 7.434889203384364986e-02 -2.291055387016562028e-01 -9.105721175614499285e-02 8.190369437750216752e-02 -2.133105291060821695e-01
2.062898792185283992e-01 -1.396988264703402094e-01 7.785802268026206785e-02 -1.696605619057688641e-01 4.606653823546619925e-02 2.253896194956528931e-01 5.789998560014903567e-04
-1.046545305325025273e-02 -1.359557303677902673e-01 -5.079628967128540368e-02 -8.836230449336122950e-02 1.354149497485960529e-01 1.047176866790088395e-01 2.530752525411183312e-02
6.156697064905706368e-02 -1.267605569771796115e-01 -1.426021427036981010e-02 -2.298650567058194427e-01 2.070792907505528690e-01 2.695459608340077806e-01 -3.101533781019211178e-02
-3.598266710343769881e-02 -9.487676022591091940e-02 1.213238999304692561e-01 -7.697683294614611482e-02 3.410489609564119062e-01 9.647059313301907524e-02 -1.299952530059985956e-01
9.450857815774314774e-02 -2.947867097140687356e-02 7.601864569223286405e-02 2.055775028249841319e-02 1.265763060168557941e-01 2.273394853859363185e-01 -1.299109435835065218e-01
1.735213440285319764e-01 -1.627613676367007933e-01 2.449404546849292819e-01 -2.241891052450740163e-01 -5.444242362517472816e-02 -2.910417924264146333e-02 -1.295432223958411233e-01
2.862185374244243241e-01 -1.288309632640173563e-01 -1.010021027321440501e-01 -9.493393007248995819e-02 -9.369256280009752302e-02 -1.358061785893897311e-01 -1.532500295817486036e-01
6.224984169966849695e-02 -2.157478440476620629e-01 3.911254400548474369e-02 -2.099585268059782905e-01 -5.945221546001705493e-02 -5.101688316836800602e-02 -5.635540968825042407e-02
7.516063856927193698e-02 -1.236292635396121914e-01 -1.052295353113280076e-02 1.811516531711582570e-02 -8.779788346360807572e-02 -4.686158481694047834e-02 4.450047757569908224e-03
3.004000732342729241e-01 -1.593151768133105328e-01 -9.923515853833073108e-02 -2.208254892336575792e-01 -2.724474079713367150e-02 -3.506684495532627621e-02 -1.452641295503598606e-01
-1.967622175802261342e-01 -1.373116088252975819e-01 -1.098607516286269348e-01 -1.540351806842949357e-03 8.695867614494263986e-02 3.938345378573577804e-01 9.107059150461922770e-02
3.058548584132755876e-01 -7.646547387645684368e-02 -1.097498408774477546e-01 -1.190317288403082013e-01 8.334379914129294575e-02 -1.323398219903283990e-01 -1.419174830017386479e-01
1.925898171415248161e-01 -3.898216218600953492e-02 3.220686474430184409e-01 -1.085719173527108089e-01 -9.425347628994386329e-02 3.323847680591234810e-01 -1.623135194773765375e-02
1.906904458928762314e-01 -1.614046425933095552e-01 3.545637731734129633e-02 -9.055034434914294161e-02 -3.722314045649559311e-02 -6.017865357800084719e-02 -1.364584967475244159e-01
1.661903374551790269e-02 -2.252119777327320493e-01 -1.035290603490763017e-01 -1.983265652019394754e-01 3.264281350493006828e-01 1.575920711131902352e-01 -9.741462173638587574e-02
3.540842459372329359e-02 -1.528990918382995001e-01 -1.445160005185255614e-01 -1.325444129866420462e-01 3.534772272214535549e-02 2.296114857640506046e-01 -1.112245567619028486e-01
-6.414120833716667469e-03 -3.057579809295568052e-01 -1.850752098469044538e-01 -2.258613771872292342e-01 1.887447047844209858e-01 7.472586443518951238e-02 1.170918676586967383e-01
-1.502064972993715775e-01 -2.225751725645618850e-01 7.797533286612694237e-02 -2.115704835957783747e-01 3.595398720457639863e-01 4.560418323530487233e-02 5.954097365758009852e-02
1.563226960006390553e-02 -1.294831561458104074e-01 1.550500024403370092e-01 -1.193999913964241960e-01 2.457238920773764101e-01 7.619332857619642851e-02 8.194385442932787880e-03
-1.152012565302061586e-01 -5.745527256506951369e-03 2.308599010279064889e-01 -1.004329396395320512e-01 9.605980304437414241e-02 1.689147473426399204e-01 -4.528642688146583550e-02
-1.386471210115498565e-01 -1.313024932946240952e-01 2.091003563374282948e-01 1.250332275030320295e-01 2.007267893811302550e-01 1.601955119798914862e-01 4.699930665789164852e-02
1.782577958041307031e-01 -1.244157186096358919e-01 -1.212940450049327656e-01 -4.029937450657975623e-02 1.878098574810447077e-02 -2.417166330050586620e-01 -1.355282408640045844e-01
2.312950924801717434e-01 -2.927126422661386132e-02 -3.926771033850563752e-03 -1.414478915608073373e-01 2.020966471326241520e-01 -1.388519780458800368e-01 -1.338356823463570378e-01
-6.248693114686963007e-02 -1.184702220365863173e-01 7.237557635571532921e-02 -4.658305967062822961e-02 2.378589330020569048e-01 1.777591611115493797e-01 3.174117400659032945e-02
1.636850793780709745e-01 6.106801801280586396e-03 -4.180237893853474412e-02 -1.658313491846593601e-01 1.389532034875660682e-01 -2.112493171631613376e-01 -1.990195279040338494e-01
-1.397269690231947303e-01 -2.449721318048980190e-01 -1.152793940938255102e-01 -1.593107796075706462e-01 4.849642768699599094e-01 1.986743552353895104e-01 -9.176833982770819798e-02
-1.177976414649638953e-01 -1.475094119399733283e-01 -4.087413003721381694e-02 -6.451139353902639317e-02 3.407318149273709795e-01 2.953851547489034224e-01 -1.942770384234384085e-01
-5.072954822230366090e-02 -1.839988802597846973e-01 -1.869687826068677089e-02 -6.373802112437743084e-02 3.660427862421920531e-01 1.893592578204455756e-01 2.256245804699992183e-02
2.293166656587716512e-01 -2.463922554152170319e-01 -1.220871438002927301e-01 -1.759331191278016848e-01 9.422473359778422985e-02 3.633089422611356090e-02 3.752690925703634772e-02
-4.700108454803041819e-02 -9.831707735886147104e-02 -1.193603077915808552e-01 -5.210116934679439454e-02 4.795556896442582095e-02 2.114201257778988430e-01 -9.054365842459964620e-02
3.605195226136299058e-01 -1.755059314360238321e-01 9.969961660781834212e-02 1.923480204671001309e-02 -3.589309073375362980e-02 3.227092225474359477e-02 -1.684632563195717914e-01
1.266078934770609454e-01 -3.102267241471579756e-02 -1.295226097334794824e-01 -4.087329217880602238e-03 2.302334675618331050e-02 3.203474179745885442e-02 1.354172123553119313e-02
1.108527313540932360e-03 -2.598287013574248627e-01 -3.446267147343853865e-02 -1.595797219566028324e-01 5.122820060151040966e-01 -4.970008380542660642e-02 2.246581535013417175e-02
1.563353542646670272e-02 -7.204712496641917097e-02 -1.990340398609785622e-01 2.956223837381207788e-03 3.095038266551514150e-01 -1.301431226687444018e-03 -2.712229617196548204e-01
1.638740414534865519e-01 -1.779537742374918963e-01 1.971920045966952043e-02 -2.153210594701126246e-01 6.884116458486271017e-02 4.945146680555891072e-02 -1.420355055187032534e-01
5.911097924945076659e-02 -2.922089972599362095e-01 5.635366494646385643e-02 6.946202971007624238e-02 -5.746249893342217363e-02 1.721934482138966216e-01 1.289591662431867625e-01
-1.042560741468775698e-01 -1.609815604584868554e-01 -4.541964470303559709e-02 -3.050140362931912444e-02 1.332952816257095552e-01 2.010241086336159722e-01 1.427795152039279813e-01
-1.236636615527694355e-01 -9.347698370488852215e-02 1.184470847081495887e-01 -8.659904700998692639e-03 1.757143504984775562e-01 2.709519495681327050e-02 -9.594481896313492020e-02
7.076006140256856092e-02 -4.656698040713320302e-02 1.232201699289567909e-01 -3.644109854003981241e-01 2.455474533307938911e-01 -1.477888728856744660e-01 -1.789507788553921230e-01
-9.966438649672388142e-03 7.344656844300409548e-02 1.498562749476310685e-02 -6.166072366514069314e-02 -9.747886427182972380e-02 -9.317377622126943315e-02 5.714555404171434150e-02
-7.893853436484225827e-02 -7.954931090121769577e-02 2.717857746809696981e-02 1.079218577606923940e-02 1.435477212068606290e-01 4.888153892686182278e-01 -8.957389844319721406e-02
-1.007839625939632028e-01 -7.535841603515722187e-02 3.418339456890234773e-02 -8.257521066874677629e-02 1.086490356504937471e-01 2.799782913664471962e-01 6.420579731587136574e-02
7.993400637328568203e-02 -5.419451350576365289e-02 -1.287226806552454472e-01 -1.423376816746797502e-01 1.541529152951315491e-02 -5.596211378134902104e-02 -5.538858128038827433e-02
1.618073329368470981e-01 -1.198745357625615043e-01 -1.170402192120381483e-02 -9.709222687044467837e-02 3.017710848864928186e-02 3.566149042611598680e-02 -1.363220055647700601e-01
-2.625883245871557525e-01 -2.401119428191045985e-02 3.044696629736237670e-01 -5.899738242130009302e-02 3.750533964697294609e-01 -2.250496690780911038e-02 6.365193946367547762e-02
-1.945020028580323954e-02 -1.025666576578521672e-01 -1.309039804916502792e-01 -4.873191846334684607e-02 2.125569451333134130e-01 -1.011429163979693339e-02 -1.857080388925991341e-03
-1.844228759162354625e-01 -1.361788866780302698e-01 1.240083512357161161e-01 -8.240683728859628243e-02 3.321648281576433659e-01 1.162621208318763838e-01 1.739010321209602528e-02
-6.247368121411388947e-02 4.336025380300170817e-02 -5.192118796995209840e-02 -3.276060761454921422e-01 2.136671241171252678e-01 8.323727922314935745e-02 1.139260732987062014e-01
-7.270212069343433281e-02 3.661985825371297243e-02 -3.215484595492031084e-02 -5.965077001535788043e-02 3.172987522474887134e-01 -8.166617677832059552e-02 -1.543195968954815533e-01
1.517244922612889513e-01 -2.003892431396177287e-01 7.602215186833508054e-02 -1.824965791421286898e-01 3.575449586273325708e-02 -3.178148270868779660e-03 1.324780038526448822e-01
2.828803581502016828e-01 -1.483565190456175853e-01 -6.825153607519195142e-03 1.235067240441184433e-02 8.224442915190656456e-02 -5.507613078395506845e-02 1.625224342648751152e-02
8.359789703353025236e-02 -1.812020662327841480e-01 -3.511548116839195016e-02 -4.775375282342739919e-02 6.246306810274087490e-02 -1.063966795397992653e-02 -3.701082613803107629e-02
9.315601985463671519e-02 -2.464185125918651187e-01 -5.319446687764015080e-02 -1.632241918671969716e-01 3.912913079672248468e-02 8.360274215906049466e-02 1.168378923460627050e-01
1.676258230834294927e-01 -1.311070471276716554e-01 -4.042735851125972557e-02 -6.314612158954281684e-02 2.074909621767559720e-01 1.485674558350269236e-01 -1.572746704497398895e-01
5.914880879811133113e-02 -1.910069804756298062e-01 -8.555907252859962231e-02 -1.257294395276617460e-01 2.263918280428577345e-01 -3.613654528755087803e-02 2.021925326204098150e-01
-3.976266660943701681e-02 -1.158328033085210922e-02 -1.105848514661068455e-01 7.365386154980384237e-02 -3.659467368505441021e-02 -1.056953494019454397e-02 9.675136701188763455e-02
-8.379256283789167370e-02 1.614016985300164020e-01 -2.117729526585233890e-01 -1.223884975136756842e-01 -2.428087981345169316e-02 -2.499990306693287145e-01 -3.379580559769291420e-02
3.316664485387221251e-01 -1.971944551391277278e-01 -1.248822645143589788e-01 -3.002608010876215427e-01 8.107710881117079216e-02 -2.009695728177838259e-01 -1.190826899823973634e-01
8.633581148663947713e-02 -2.095765791371174136e-01 -5.709047928161482127e-02 -2.174130597397845865e-01 1.217315822308484285e-01 -8.596709620357842474e-02 5.838945270502342300e-02
2.998680779508939853e-01 -1.977178114269987075e-01 -2.171324325113872522e-01 -1.406429809650051044e-01 7.042559604460031653e-02 -1.163212368551503478e-01 3.572097838192082181e-02
5.496456319486989206e-02 -1.603712959379195446e-01 -8.476086490122028416e-02 -1.390747455555560730e-01 2.671913703488132397e-01 5.701332229130388202e-03 -6.563083962722818243e-02
2.668305509349674365e-01 -2.933049030915177435e-02 8.988511442713377486e-02 -2.026322022815705282e-01 -8.363820203408636744e-02 -5.094391362942206347e-02 -7.215340988761907715e-02
2.551449781774272618e-01 -7.326981048571995503e-02 -1.671436090952271164e-02 -6.504547158918459748e-02 -4.807429067098235170e-02 -1.759037164008319387e-01 -1.181932625958640459e-01
-8.503525872339205705e-02 -1.376744596416951405e-01 -1.155536073504780104e-01 1.063539419207525927e-01 4.214031660256752770e-02 2.149662213511059627e-01 -2.996743043302507736e-02
2.810539141685133857e-01 -2.317271014842142013e-02 1.664971641403633490e-02 -1.156128538317265503e-01 4.025355904156870113e-02 -7.808627650369356910e-02 -2.590790438722041511e-01
-1.751193003733561848e-01 -1.879080444397571992e-01 -8.568153904561644219e-02 -9.088743344014865722e-02 3.839840705394957365e-01 4.470489512403227894e-01 6.740447399409084384e-02
1.634803157853630395e-01 -6.940194508159208686e-02 -7.833372621417086096e-03 -6.915807657837837186e-02 1.054268345374639350e-02 3.953549244779219207e-01 -1.989494589099587707e-01
-1.421844942782751753e-01 -1.773397465154253894e-01 -4.359333348914895545e-02 -3.911359002790394668e-02 3.000795431747392272e-01 3.534063297980594154e-01 8.318993412764820461e-02
-1.690549888864653350e-01 -2.257396234265993951e-01 -1.451220411946946842e-01 -1.359765912222495599e-01 1.668351180807536582e-01 1.787259826610792524e-01 2.558890422690609512e-01
-2.191572412124953573e-01 -7.896040583339565544e-02 2.086287279827073876e-02 -1.545782400411709334e-01 8.989388338027544390e-03 2.797391492710725180e-01 4.063199999526762030e-01
1.765153861003793956e-01 -6.219364156747191758e-02 -1.442143632715020898e-02 -1.546076749347853607e-01 2.007109893899557407e-01 -1.834333091979946095e-01 -1.522787420768563771e-01
-1.331229917794606588e-01 -3.777770519021536599e-02 2.869483797163481856e-03 -1.377941837905004019e-01 -2.272392705245370945e-02 -6.365655319463485451e-02 1.148342766217814830e-02
1.590812000688810179e-01 -8.866492608680465182e-02 5.476060215857692787e-02 -2.569020822559504591e-01 -2.905145154889543155e-02 -2.222184924317529078e-02 -3.633938512405067434e-02
3.838316776310687906e-01 -1.721931777418243825e-01 -7.473738008722831394e-02 -1.398141752275745275e-01 -3.780146907807176507e-04 -9.330299817317841415e-02 -5.189372386226350636e-02
-2.118611576654929052e-01 -2.712783765475400566e-01 2.160745031417875828e-01 -1.192715147639124840e-01 1.308249108816191830e-01 1.471543670673101656e-01 2.469130890526473610e-01
1.219307302950805617e-02 -2.374523521517499514e-01 -1.425462100774597118e-01 -1.040178140128470430e-01 4.639531859710223707e-03 3.235891626156267575e-02 -4.733629171809151590e-03
-1.045334235994766214e-01 -2.896111878700542430e-01 1.544100826549285252e-02 -3.788217279958360217e-01 4.899885596464421678e-01 -2.662886307244364745e-02 1.853779804280523136e-01
2.706593161872281397e-02 -1.190864122656023344e-01 2.617250756709760956e-02 -1.673119961003995126e-02 1.353016238279287214e-02 6.793850976818668896e-02 3.917310302597327293e-02
1.547754102325925585e-01 -1.222248850034116374e-01 -1.415209561659106774e-01 -7.333452968984523201e-02 9.533485249036238729e-02 -1.442934270125560137e-01 -2.071562310758864878e-01
1.989279664690451685e-02 -2.186481813015743736e-01 -2.430620272919110231e-02 -2.611547937877979897e-01 1.198434715635677272e-01 2.003287119096338470e-02 -6.450540983466271361e-02
9.165446848379405625e-03 -2.003642581425976732e-01 -4.946016701030800378e-02 -1.861026991726932034e-01 -1.177913837249709370e-02 -5.660006394525365914e-02 3.404564145189973301e-01
1.078661570366244889e-02 -2.253466038894879619e-01 1.071815979408516015e-02 -1.305714525404529647e-01 3.337196666104697007e-01 -4.137481203413247849e-02 1.001592273199108651e-01
2.250005873118343658e-01 1.243535092369385357e-02 1.047066448384673526e-01 -1.600895638913360230e-01 1.359106264185966639e-01 -2.549968885138813660e-02 1.210583342107496470e-02
-1.479507644489990170e-01 8.558152666584668833e-02 6.102816487741170165e-02 -1.288702242924847641e-01 -8.901296525261248940e-03 2.773990512950110995e-02 -9.664754695675897844e-02
-7.862335827052831239e-02 -4.701283611449346561e-02 8.250243736587863086e-02 -2.176459380715295433e-01 2.388140557265990283e-01 -2.979457316169246972e-02 -3.030019210320312739e-01
-1.187734506605179347e-01 -1.457364074897812001e-01 -1.337928521502569357e-01 -2.627399922038795022e-01 -7.105788321720238332e-02 2.095557682957161286e-02 1.162852877181286826e-01
-1.337190177017494319e-01 -9.603184093404801280e-02 1.143092632686329158e-01 -8.176633821758018394e-03 -1.445523370690350307e-01 4.147089828751238105e-02 8.197837758575472755e-02
2.872498090786289038e-01 1.892847208595048111e-02 1.390915654734815876e-01 -1.983675503065332191e-01 -1.517007836279671840e-01 5.848944292516036758e-02 -1.682572816129680460e-01
-2.417780211502960127e-03 8.095817063972457484e-03 8.721960109394102933e-02 -1.202505741107589010e-01 2.417730851122922714e-02 2.060367009791521931e-01 -9.357626444466107807e-02
-7.116753168321310330e-02 -1.779484373109394835e-01 -2.911622533087628376e-02 -1.799449165874761891e-01 1.707838289069651960e-01 6.739658854275419608e-02 6.443959719020289634e-02
-1.383455475140966118e-01 -1.825077415811317966e-02 -6.593358047366748576e-02 1.155636191051524590e-02 7.581965032482018696e-02 4.166256193911211936e-01 1.001880824313966245e-01
-1.811593890268194673e-01 -1.076212329457535699e-01 2.239976881152507260e-01 1.882435139086141296e-01 -8.524332709414680909e-02 4.528841902968113176e-01 5.318347079353211854e-02
1.381774414865134526e-01 -6.389585819766564756e-02 2.088659646308213269e-01 1.620117504204476866e-01 -1.165306872412464612e-01 8.178086803827409879e-02 -1.701325093764520513e-01
1.104313751288162060e-01 -1.489677034961616742e-01 1.805327486913063939e-01 -8.983749216877259802e-02 5.878869414223939632e-02 6.256022021091174612e-02 -9.824597121800578148e-02
-9.625436640675983854e-03 -1.283372847254277138e-01 -1.226228924827015287e-01 -1.962268302766820849e-01 1.028503411504183701e-01 -1.711046502750438736e-01 2.952428755085644702e-02
1.705374696431333770e-01 -4.900798844484202665e-02 2.290065570010621498e-02 -1.864461437335847016e-01 7.181758021221919079e-03 4.413548330105721007e-02 -2.816605408389671883e-01
5.846975540467690829e-02 -4.717323982337365967e-02 6.474330144364477679e-02 -2.818906255446317413e-02 -1.145275056381297174e-01 -1.657480209668695838e-04 -1.540310372419032015e-01
-1.899300875729088844e-01 -1.652818917618885386e-01 -1.746281835716158581e-01 -8.066177076307659566e-02 3.002566178332487512e-01 1.193434396105765294e-01 1.283682597572435337e-02
-1.628655121591850163e-01 1.295568717062536013e-01 1.782947179432589624e-02 -2.131940278791057131e-02 1.757999861205311598e-01 1.643178924740762610e-03 4.279896383810515015e-02
-5.954827256324102952e-02 -1.756328012708853470e-01 -1.927202165514260157e-01 -1.467705546217510926e-01 5.729677358747013727e-02 1.008062643685748161e-01 1.784457275087510675e-01
1.417207042460020550e-01 -3.199213779667216540e-01 -7.574931350773715655e-02 -1.451121185161111660e-01 2.180624149757049574e-02 6.181383827494266875e-02 3.913710008604804474e-02
-1.359301485503823792e-01 -7.681739283554984976e-03 -8.219076394280749875e-02 -1.162441048113367625e-01 1.331897326909168011e-01 -4.180933670863126034e-02 2.871695803507283082e-02
1.761489037938701874e-01 -1.369179360675716883e-01 -5.295051840360624762e-02 -1.010628078480091258e-01 1.637494722596567753e-01 -1.169477160351024975e-01 -2.296805375384253223e-01
2.202571794208578460e-01 -2.427778809312287900e-01 7.998512541303563761e-02 -1.582707311880076351e-01 2.194924870491413993e-01 -1.089439220104947321e-02 -6.270973724368851532e-02
-3.502696510243718392e-02 -6.300747245571278188e-02 -2.278828580589271208e-02 -2.668696979109624889e-02 6.730034098117709807e-02 6.923790662888551495e-02 1.602338173477521610e-02
1.079425805106927760e-01 -2.166261711038735271e-01 -1.609110322769939302e-02 1.223006346424675983e-01 5.924467291179848910e-02 1.329435379741015777e-01 -1.272536165083031356e-01
-2.483541273137212513e-01 -1.195118287336835866e-01 -6.181290879656713144e-02 -3.629587141499843184e-02 1.823600940232081025e-01 2.612478899588629999e-01 2.122267843850376978e-01
-7.166934873301195053e-02 -2.319516033414893152e-01 3.937450620310528962e-03 -1.780226227647599968e-01 2.819122486173806785e-01 1.598493012301759886e-01 -3.435115687256552752e-03
-9.132316407446759710e-02 -9.940779767170423997e-02 1.341835350808116556e-01 -1.987887663607579569e-01 5.018000580536931265e-02 4.203845649114486271e-02 -3.800020146242231306e-02
8.699359753789795424e-02 -1.207662179103333178e-01 1.629874591003752649e-01 -8.804026100925239906e-02 1.518632935083527036e-01 -1.991492367874732883e-01 9.154678156440824999e-02
1.383854803226869682e-03 -5.801407175722902987e-02 8.272936754834991913e-02 2.963206046199208243e-01 -5.490977248929965193e-02 -1.401989012553933045e-01 1.125579592626054781e-01
-4.049509644848144074e-02 -1.831540334887095667e-01 1.681995345526860197e-01 1.103723089661259454e-01 -7.938984133762493067e-02 -4.777665423876023554e-02 1.413164835628706040e-01
6.195865282678130088e-03 -1.405302590013237096e-01 -1.247058467935513448e-01 -1.136375212602952905e-01 1.013033011419677554e-01 -1.894488903603942787e-01 -9.518177951449177665e-02
6.967650762008587885e-03 -5.400168359416668978e-02 -1.191499158934664210e-01 -1.259416563664284838e-01 -7.884906124018202511e-03 -2.747930868369086177e-01 -3.475990551411733964e-04
-5.555841506556237486e-02 -1.719219330264991907e-01 -1.831933973305011412e-02 5.353995036418585790e-02 1.749242690283159263e-01 1.962346249348857763e-02 -2.244204461213217261e-02
7.825849015847206880e-02 -1.311962992320090116e-01 1.599278031376082376e-01 -3.604713515487126263e-02 3.369645879039588343e-01 -5.677798049108058465e-02 -1.064925075319664988e-01
4.952240983671093305e-02 -2.299277083390771637e-01 -2.196444005247450149e-01 -2.302913691802480067e-01 4.262947196472804262e-02 4.742570450828027112e-02 9.425621862832087375e-03
3.095188036009960224e-03 -2.062295511954095606e-01 -4.244629353795408705e-02 -1.697958179482692009e-02 7.776268168936760483e-02 -5.845734546373727164e-02 1.590035774300621874e-01
-1.366023600371416291e-01 -4.253769814775357899e-02 -2.037210533790779765e-01 1.871795572785041328e-02 2.315960305113737572e-01 -2.295606279441551600e-01 1.703367633551551574e-01
2.031709275876028564e-02 -2.813873574745826556e-01 1.091432106418470660e-01 -1.030091605506086722e-01 4.582603439666643741e-01 2.701857058248227639e-01 3.550914711692392672e-02
-1.697316673728356540e-02 -5.000170729904419159e-02 6.340211999240458196e-02 -1.690659628633179035e-01 2.767797527479858299e-01 -2.042265909119856879e-02 3.461993550774120770e-03
9.098031878493230418e-02 -1.407143135915367993e-01 -3.564476605945239573e-02 -2.424159533341909145e-01 2.657695631975768302e-01 4.645410179932152328e-02 -5.979035427201476183e-02
-9.234605882785267006e-02 -3.319474923426821156e-02 4.891485242292845613e-03 -2.307618453010313597e-01 1.286742251239598733e-01 -1.167597770986839867e-01 2.425449330824482053e-02
1.396098826325624653e-01 -2.443024586648332164e-01 -6.590315635392067495e-02 -9.771897875404683687e-02 9.274911255562337531e-02 1.621752283365810246e-02 1.129367578909195174e-01
-5.790504157661940238e-02 1.019999007140460073e-01 2.526238516891655440e-03 2.971629454880680976e-01 -7.976575463577137426e-02 -9.787301358434402632e-02 -1.306601070671058185e-02
-2.111095236503653660e-01 -1.324224539847385640e-01 -8.796799101402899557e-02 1.430686227477703520e-01 -2.363621081911079259e-03 1.094302212306101224e-01 2.111821144739487732e-01
-2.393047827605040145e-01 -6.259891139729351073e-02 -1.677116468989836573e-01 4.175870430757436247e-02 1.137834466333160349e-01 -4.007379102746062155e-02 1.535094255399513108e-01
3.724376054647217105e-01 -1.832637024055873975e-01 6.382697465609417364e-02 -3.080671975294046461e-01 -9.486739922472009479e-03 -9.526913511176077209e-02 1.094292750692889005e-01
2.323580373121736653e-01 -8.295064485555478373e-02 1.394214869485029262e-01 -2.089836452781060339e-01 -4.702898012732563415e-02 -1.254861584828776133e-01 -1.873379591187298854e-01
1.825751288176897524e-01 -2.274032630807229505e-01 2.948433215103011748e-02 -1.827084521823606478e-01 -7.153165513393831831e-02 -2.351485558735107451e-01 -7.422968543930416607e-02
5.633317053056227652e-02 -4.537547154074809269e-02 -1.575914714250302717e-01 -2.224437857928951712e-01 -1.334491581583615860e-01 -1.332198886624939016e-01 -1.143264968678452953e-01
-2.056665132508525562e-01 -9.712885728251845208e-02 5.846297599661481881e-02 -2.090580577663680717e-01 3.643481715997270304e-02 1.755901800025803372e-01 1.562957981999904822e-01
1.037301089404858989e-01 -1.139995120896958314e-01 -5.074090545449421591e-02 -1.976522547307707767e-01 -3.842711473430304031e-03 -4.698498538585945544e-04 -5.490876248809603566e-02
-2.494795647320441345e-03 -1.419893269289714821e-01 1.153437406504391298e-02 -1.375467909216172291e-01 1.839357935626722562e-01 1.212670687849655288e-01 4.283133525189929125e-02
-1.784894894670161491e-01 3.839289654147715058e-02 7.231189554815065090e-02 -4.671813654658505538e-02 -1.926792158844887332e-02 1.057320834251125052e-01 -7.711138508418063919e-02
1.452919645193739284e-01 -2.173921785431993103e-01 9.160480546995247719e-02 -1.286892126728639840e-01 7.016049182821723629e-02 2.324369239794704389e-01 1.001870898223016781e-01
1.465299848368718239e-01 -2.071822105190058161e-01 1.219907110903953040e-01 -1.503296682217946656e-01 3.755171651806925998e-02 -4.052144262672387892e-02 -1.765578225654676828e-02
2.565513481834873488e-01 -1.337631063590924985e-01 -8.676412412414900854e-02 -1.998803249711597063e-01 -2.416587587962640976e-02 -1.802411691587708920e-01 -2.130425103858345215e-01
-2.640946129003364506e-02 -9.740710389934115199e-02 3.033139664182390657e-02 -6.523244710113013101e-02 2.713463926146930660e-01 -1.733075326847237640e-01 -1.888966801193114886e-01
-1.045865993317231235e-01 3.300477207134072666e-02 -2.580241443954726585e-02 -1.385455870485534924e-01 1.442043161651589134e-01 -1.227326886811955925e-01 -1.272670985946408317e-01
-2.024729781910317161e-02 -1.371331923743303871e-01 1.555259228848888675e-01 -1.690715339167425668e-01 5.894681634333598375e-02 1.786448236260738121e-01 -1.717131438731904214e-01
3.564076887520387094e-02 -1.905671893077706958e-01 -6.214264119941410869e-02 -2.551899232402897177e-01 2.657327360684429984e-01 -2.193299417977077545e-02 -1.219590421445565336e-02
1.441254511725185983e-02 -7.687435065114585353e-02 1.415855062239596840e-01 -1.254241633350303420e-01 1.639243082607870494e-01 -9.732698488204387377e-02 -1.988518044606853163e-02
1.741755638083071489e-01 1.525174591968991578e-01 1.220065857798828812e-01 2.110409835255631916e-01 -2.108248441073097279e-01 -1.006809596312377847e-01 -9.183108010538353072e-02
-1.730218242805191264e-01 -7.041364083609141789e-02 6.015044262865260061e-02 -2.745442364513567268e-01 3.882757635666160834e-01 -7.516039649298920933e-02 5.486336737509321659e-02
-3.509439569251499025e-02 -8.916540478673422310e-02 -4.649916521857581919e-04 -2.933897967565071707e-01 3.804587810402298986e-01 -6.054587562618093943e-02 -9.660486735772955136e-02
5.856885466319369793e-02 -2.820899190706021020e-01 6.248828954911078704e-02 -1.674670807640402381e-01 9.937154161313130341e-02 4.655865759587839159e-03 1.234188944948109851e-01
2.485330562086059819e-02 -9.444336851917353726e-02 3.782362674814560011e-02 -1.521016950920061062e-01 2.242614365701831036e-01 -2.258266769126435897e-02 2.160605541186052803e-01
-2.296331232288971805e-02 -1.252709580943199286e-01 7.041162621318772241e-02 -1.114856602980649480e-01 1.326404642593984329e-01 -2.808134761305247293e-02 -9.400175481645178799e-03
2.113360215326280100e-01 -2.348332451410726218e-01 -5.818401913921236387e-03 1.083160676356033081e-01 6.034886764894430503e-03 2.163083967994339496e-01 5.091488530493781806e-02
-8.082891221268093118e-02 -1.451248272825421126e-01 1.538625453201281634e-01 5.709406668131707108e-02 2.338100323778352363e-01 2.707739536803115965e-01 2.100118990996892310e-02
9.826959064383991582e-02 -7.992403624655661232e-02 9.689205012464353894e-02 -5.153196706955466555e-02 -6.769051909367408519e-03 1.543462637954222394e-01 -1.301849971228542513e-01
3.979631470501584362e-02 -6.653392217148212939e-02 7.013565046931430347e-02 -1.381746580210422570e-01 -3.379505343580906096e-02 3.627354553205487664e-02 -1.133357735170220232e-01
-2.494474927602029560e-02 -7.536959566067401306e-02 -2.104470452356385635e-02 -1.553588733119874998e-01 -8.047574138895266516e-02 -1.399963795019859222e-02 5.449321560938923809e-02
1.851383426596688031e-01 -1.196840005725563760e-01 -1.741041177415725838e-01 -2.004785204721906688e-01 4.103563943154480559e-02 -1.653444422102815781e-01 -1.778728477807469399e-01
-1.208039532870933686e-01 -4.254465198090585931e-02 -1.195714700651509949e-01 -2.295528188859917995e-01 -3.559136394091983596e-02 8.714478353017912626e-02 2.253921425392046152e-01
4.221725459177552015e-02 4.587536970186097823e-03 1.798194486454087471e-01 -2.166807826749972132e-01 -1.365535816664894542e-01 1.423045959915276160e-01 1.967419608435089229e-02
-6.429236963411251449e-02 -8.786997018172049145e-02 -1.333473625331511592e-01 -1.679593576916782183e-01 1.164532249636975048e-01 -1.334707179566367863e-01 6.956831718012532195e-02
1.049925014086602187e-01 -1.913795856830068087e-01 1.807790986526818314e-02 -1.288448785231497973e-01 -2.195877930247233309e-02 -2.373642860593227349e-03 -6.559418806402522728e-02
2.951106908224539541e-02 -1.827194441175282180e-01 -1.330703190528716995e-01 -2.253623069384682043e-01 2.812620163930609762e-01 1.038255650727341745e-01 8.371777272546315762e-02
1.905373217577827905e-01 -8.951165575097447258e-02 5.666779139778566066e-02 -2.378223334154661028e-01 -1.621322712456029977e-02 6.241561256852183603e-02 -1.706688051631008451e-01
1.056775231892539690e-01 -1.542652850824806632e-01 1.594123110453606607e-01 -9.331718199408113590e-02 2.699392460298535856e-02 9.613855683123606610e-02 -1.669297580395558145e-01
4.907760183277892069e-02 -1.454616281757191154e-01 7.886700633709994857e-02 -6.197096788853294347e-02 -3.771799598046114005e-02 3.027657801445998026e-02 -9.476899587794040958e-02
3.584014613814058559e-02 -1.749850608185815892e-01 5.885465397880843691e-02 -1.657017132380652902e-01 6.819760311273849462e-02 -4.880447497009761382e-02 -1.618082256267840136e-01
-1.345473794921074051e-01 1.483413726810167699e-02 -1.443756386003891556e-01 -4.610293767480438260e-02 2.672559838016189682e-01 3.365984260636475378e-01 -5.773246641179605176e-02
-7.899568197392393964e-02 -1.481376469448059119e-01 5.830226179900847155e-02 -2.151620753274635645e-01 5.015433807974029046e-01 2.237508129773537746e-01 -1.406630787293144114e-01
2.284602429824028613e-01 -2.442159799955999910e-01 -9.547466937199088066e-02 -2.490405581611943031e-01 3.808944017957258121e-01 1.696758014620323440e-01 -1.812785893783167845e-01
-4.566073569360778323e-02 -2.034504095825786368e-02 -2.050230390641327172e-01 -5.855454726119854736e-02 2.241598386350885930e-01 6.954100670443717769e-02 -1.632955417013659538e-01
3.233150420324954477e-01 -1.852323460850878178e-01 -1.226148902704120996e-01 -1.444243930765602701e-01 7.986528272974036113e-02 7.107606388643446238e-02 -4.496898496597319383e-02
1.269152196336242877e-01 -4.177794197271322146e-02 1.299246876895732983e-01 -1.465392200689360214e-01 -2.787939186583142381e-02 -8.506296414331281086e-02 -1.116222115612889171e-01
1.324502046238266173e-01 -2.055192848652375448e-01 -1.036757592567529029e-01 -1.313073716209139097e-01 -5.239275333232923382e-02 1.872234122817470758e-01 -1.226538991934623957e-03
6.653010217848462360e-02 -8.991433154456958399e-02 6.809950587868468519e-02 -2.332409841115039295e-01 6.970680591387266867e-02 6.886501226247197793e-03 6.474151335437929033e-02
-2.524007613937453987e-01 -1.375269363850454285e-01 8.429836643194485446e-02 -7.738275887077987469e-02 2.533416861063639280e-01 1.798140656074981025e-01 3.289324931137415087e-01
-5.727948919335289213e-02 -1.280191890003715971e-01 7.802591911016062975e-02 -7.157540322017373613e-02 2.537586613916238965e-01 1.869953851646550258e-01 -1.655727395206720021e-01
1.337110281981647719e-01 -8.816265767456984981e-02 -9.338618956639130331e-02 -1.575758829728328980e-01 5.235786038878117998e-02 -1.307877940565988217e-01 -2.147248513787531621e-01
-3.509692320300224905e-02 -1.882241058839010384e-01 1.347061318232961324e-01 -2.083463945736990092e-02 -2.881044977692767337e-02 2.877911219016257016e-01 2.830717626460741917e-02
1.404327884729560973e-02 2.723557756220884238e-02 2.830956666562352286e-02 -5.546857702887175723e-02 1.008920368987646227e-01 1.794020959425079997e-02 -8.066145487326738250e-02
4.430192181800954310e-01 -2.084487519973509118e-01 1.585482436206804013e-01 -2.957891368140051491e-01 5.751680635305098099e-02 7.934872403158257925e-02 -2.203086911663079683e-01
1.371784640097678531e-01 -7.971559712026769773e-02 5.436474738740586926e-02 -2.689599247524148140e-01 -1.077201956906206209e-01 1.238556366854551144e-01 -4.656292420118632314e-02
2.649674586193002113e-01 -2.033639035189876432e-01 -3.330820624244363454e-02 -3.031153486193909896e-01 2.147541785042005047e-01 9.263937220631932729e-03 -2.292348033110228611e-01
4.881401441481099390e-02 -1.568967053867225681e-01 -2.231143795919755812e-02 -8.074082381928672503e-02 2.428570385922385888e-01 2.373000609011163831e-01 -1.620654261062752510e-01
-1.991800875657556980e-01 -4.120349098230897955e-02 5.473064642756279852e-02 -1.568448473809102850e-01 2.354168160155317713e-01 2.224753547788018149e-01 -6.986502225935693755e-02
-1.473385893882497577e-01 -9.092710000859489938e-03 3.637512731994006765e-02 1.271681615667147325e-02 2.003885301773398742e-01 7.689187291632960941e-02 -2.699118526575798871e-01
-2.835487673444662265e-02 -2.376420247431354840e-02 -4.837670727558921607e-02 -1.046985529739500875e-01 1.425878944547195604e-01 2.582153036367610399e-01 -1.570531147785689807e-01
-1.304146854974141123e-01 -8.597192664244013294e-02 -6.701034201365507759e-02 -2.179657014667023829e-01 2.276010153786406642e-01 2.578487440874793202e-01 -5.776779005495952940e-02
1.312728752057784054e-01 -2.111393110225303904e-01 1.439779159526322072e-02 -1.426665685162027408e-01 5.566393491670922067e-02 2.293703587453074511e-01 1.299227574051310674e-01
1.450830874739711951e-01 -5.957736678134470387e-02 1.415449905214269666e-01 -1.738313830930060255e-01 7.795452898260962771e-02 2.557570446960249697e-02 8.130539193015552668e-02
2.993993414048839660e-02 -1.550816588539370711e-02 3.362731672518775583e-01 -1.193990896484050102e-01 -6.792458602759630926e-02 1.583858226082812959e-01 -7.620677838583589901e-03
1.508273319307121274e-01 -2.271573621050101688e-01 9.506558127788287960e-02 -2.294687535799997125e-01 2.329884234977419311e-01 2.575505125724264401e-03 -2.105463925550763726e-01
-9.515833809705216695e-02 -1.300299819784129229e-01 -5.527070395940818920e-02 -1.021730171019621658e-01 2.146439037678022077e-01 5.187532708833757916e-02 -2.227302918712310009e-01
-1.960062968312952236e-01 4.036586301910216612e-02 -8.969314708421088217e-03 -4.292803466544130309e-02 -2.919590789620413185e-02 6.091141413251613401e-02 1.120291190004546605e-01
-2.624058060342715493e-02 -2.149202299341249622e-01 8.200748206479924196e-02 -5.103784004105765826e-02 2.161456561088777872e-01 1.273831290141572703e-01 -8.998414686836941900e-02
5.752024641259191606e-02 -1.101609010008519768e-01 -5.397308556390040257e-02 9.322608419353407838e-02 -9.108214134193896860e-02 8.926974001825083160e-02 1.299858802195615337e-01
2.818497005895941876e-01 -2.351579081248900971e-01 -1.962754583183617396e-01 -2.262439344933248053e-01 2.765932614705909898e-01 -1.478229193299862299e-01 -1.869286631936550522e-02
-3.291263723849469774e-02 -1.433234722952697257e-02 1.450956920279111162e-01 -2.017967984973761675e-01 4.706196455264514966e-02 1.072065071103228545e-01 -1.666968340679159388e-01
-8.223133523387494981e-02 -1.524652611704147842e-01 1.159598826119311171e-01 -1.874877900736259262e-01 2.488882059124321311e-01 -3.034910297138158734e-03 1.178212854831282713e-01
4.382886085091951267e-02 -9.643775822177601265e-02 1.312882796114139827e-01 -2.185557275197912708e-01 2.131021178210923683e-01 9.216369617559494465e-02 -1.079873925665957163e-01
3.268965424353320604e-02 -5.313284866613104951e-02 1.019235680938181988e-02 -1.213520047863058809e-01 1.407220169210262294e-02 -1.129354680214578605e-01 -1.660028413076380938e-01
2.137134335779852790e-01 -6.145500575162055057e-02 4.410158946913095290e-02 -1.712062524142979048e-01 6.090344178945981957e-02 1.463419577379214132e-01 -1.824577000376025326e-01
-1.271349564099166773e-01 -9.555766774192749058e-02 6.978370620442098105e-03 -1.787503093155329015e-01 2.341737303583890095e-01 1.484879942595216384e-01 -1.542564091438899110e-01
9.110655994834519766e-02 -3.595496189598367809e-01 -1.462906217502180639e-01 6.261222997048379590e-02 1.188540431214489407e-01 3.243073034696609958e-02 1.549319618616552263e-01
-1.208406774045460153e-01 -6.726590517272515446e-02 -2.845262317135896848e-03 -1.515761426772629927e-02 4.183364245363825791e-03 1.736767449685672204e-02 2.660811333388937022e-02
-7.542456948124991178e-02 -1.378335014639945483e-02 1.323515833265697106e-01 -1.110289582263588731e-01 1.935661365546626489e-01 -1.016830867941286437e-01 -2.671863285471720029e-01
5.852264512796157697e-02 -4.525116675258755716e-02 2.044518333634667007e-01 -1.037850249030547733e-01 -5.183172730257559757e-02 1.226861579837390248e-01 2.955295233397822047e-04
1.489943543922314928e-01 -1.607712603392538186e-01 -6.450635532768523445e-03 -7.881894627114681418e-02 -5.207151727698048488e-02 1.004255280577662640e-01 1.117353740791382916e-01
1.086838951681490251e-01 -1.541413234345797023e-01 1.920549537567829701e-01 -8.958344372710125292e-02 -1.080084563868290715e-01 1.409690837379270201e-01 5.850069457227239852e-03
3.765300628256071924e-01 -2.151140448278431316e-01 -9.399497726754429960e-02 -2.498406573073300441e-01 7.115094154602027987e-02 7.289286169914091507e-02 -2.268238902555106684e-01
2.641529308839230539e-01 -2.551427477820918388e-01 -1.021619350618199473e-01 6.547950023291164434e-03 2.287026366979993605e-02 1.918681567663868826e-01 -1.032675636220720811e-01
-1.940818697093185108e-01 -1.156241005280344569e-01 2.094986303025473950e-01 -1.191286176155907095e-01 3.154203655619984281e-01 3.081882724554189101e-01 -8.801231367064828170e-02
-1.824071658835228482e-01 -5.101196594409482254e-02 2.286426912031405134e-01 -1.172077188516663579e-02 3.453002983797456849e-01 3.861171960094622047e-01 -5.957951506812838444e-02
-1.810658259926072045e-01 -6.034531198992575118e-02 1.192993826565171417e-01 -1.437315389772541585e-01 2.150095404928379361e-01 2.195173013184482658e-01 -8.303378951978110378e-02
-2.249549728338931243e-01 4.603664053747815593e-02 1.365924597766354220e-01 -3.846777031178424261e-02 1.210172647084487192e-02 1.697154797133790805e-01 -2.435299166968554405e-02
-2.482708382690811122e-01 -1.224540946429102939e-01 -2.249737436606497054e-01 2.832493423343141956e-02 5.237735184894014989e-02 3.361336379889974801e-01 6.210227767251083608e-02
2.341764140765122959e-01 -1.701456109877205469e-01 -1.547141173690538551e-01 -1.709624918943736527e-01 2.873307253878704670e-01 -1.722626528048165281e-02 -4.221210115193733958e-02
-4.296302454902271861e-02 -1.599987181643141576e-01 -3.335595945849368499e-02 5.679652834139616024e-02 8.539680314487979595e-02 2.596151983530959328e-01 5.154680749484741222e-04
2.951417745742472842e-01 -1.866818344921692963e-01 -1.701893183628399864e-01 -2.626786203275964862e-02 1.118727299377066109e-02 1.257407859573024256e-01 1.734162618136834630e-02
1.233337459129047325e-01 -1.217860026261774614e-01 3.611254589898962863e-02 -1.926168533207369138e-01 2.074713814742381868e-01 -6.367731909735804829e-02 -1.933021624795582261e-01
1.005102099645819314e-01 -3.044967614896728833e-02 -1.832428679390774029e-01 -1.899202775878173349e-02 1.819881820346492263e-01 8.434599744183886305e-02 -1.055981003616531522e-01
-1.485262473160060825e-01 -8.047430811866433664e-02 -2.068094000968696000e-01 -8.166001451772024466e-02 1.100551142926843029e-01 3.199779698836833358e-02 8.105961674611164569e-02
1.368686989964598179e-02 -2.108045498043481236e-01 -1.105414431463339758e-01 -9.766783611808983745e-02 -3.023055177182144143e-02 3.968887618216876412e-01 1.657234247964326224e-01
-3.194837993986507918e-01 -1.103891983639527230e-01 -8.548919041208997982e-02 -1.159598440353646481e-01 5.289091159948815929e-02 2.297325917611587609e-01 2.749732735911374348e-01
1.242976600045415242e-01 -2.972329069919857902e-01 -3.719609464691458339e-02 -6.045025723828849340e-02 1.254827287159115956e-01 3.012567531872205606e-01 -2.534245759706947598e-03
-3.640576345743008063e-02 -2.755790194099784207e-01 -2.582733807442589291e-01 -2.500506851457723334e-02 2.100606606503511165e-01 1.135378390388094294e-01 3.718509510281803321e-02
-5.496129582406660864e-03 -1.336116303663036908e-01 4.234444757737126225e-02 -1.315110990965536741e-01 1.315351362885158470e-01 6.018817460663443419e-02 -1.171731886049192095e-01
3.005232354869372124e-01 -2.362865773905152011e-01 1.191082574734427246e-01 -1.881833235519576319e-01 -9.546522696916599077e-03 2.341287870565385287e-01 6.777058102207899129e-03
2.908216194241175501e-01 -1.546476847712650038e-01 -6.989090855695301308e-02 -2.184374104453081500e-01 9.025712107211460167e-02 -5.743650455000876703e-02 -1.911812552579580105e-01
1.589074493147306921e-01 -1.047106565394362587e-01 -1.668878934175163919e-01 -7.315986584917513746e-02 4.318449553311650563e-02 -8.350799083905628001e-03 -1.847307550996950820e-01
1.086853549727666846e-01 -2.373917584050646082e-02 -2.182156606537328028e-02 8.380433050442998022e-02 2.168164629616671502e-02 1.102622015002297506e-01 2.784807569631855828e-03
6.456048757175640584e-02 -1.723428430185549864e-01 3.516545382627964678e-01 4.876798270072048823e-03 4.292800415682763299e-02 2.172485135029061654e-01 6.409476583595964672e-02
-1.162444203172048190e-01 2.763536885629519491e-02 -9.819005208030645235e-03 -5.360737409441039547e-02 2.637759417287896535e-01 2.229501648729903529e-02 1.143310284691611972e-01
-8.101065244510446961e-02 -1.830462772521603276e-01 -5.127723883033927059e-03 -1.395702156418484642e-02 4.144292632938740284e-01 1.307457785721953258e-01 -6.333278363291450219e-02
1.381920934013932678e-01 4.355430969718711298e-02 -4.019673341256820021e-02 1.938287261983956400e-02 1.428833983150485168e-02 1.553473399103993680e-01 -8.459780175159338500e-02
1.096119814141825605e-01 -2.660064678016133000e-02 8.683082747669935986e-02 -4.354639210160596297e-02 1.357524390167950679e-01 -3.456043405018663795e-03 -3.775780022079973375e-02
-1.241855342630563130e-01 1.152140699997462187e-02 -3.716688872740334104e-03 -6.409176159764735925e-02 2.476483796624835421e-01 3.937365383040677957e-02 1.722694391725340113e-01
1.561042830669934489e-01 -1.252389975110716411e-02 8.073417205807242869e-02 -1.997494270495336621e-01 -2.232811134847097895e-02 4.790711892186289705e-02 1.533328787166421403e-01
9.104406451030420955e-02 -1.270799575264785763e-01 -4.229152808831204702e-02 2.766364440619354867e-02 -9.103108235715368091e-02 2.221522904618287997e-01 -2.387299418652594207e-01
-1.459483421737359510e-01 -1.929933989215775747e-01 -1.629356727554154283e-02 9.185178849495251319e-02 -1.658923196253353771e-01 2.914317563919382459e-01 8.305606517627062146e-02
8.884499026411016298e-02 -1.939362562908768239e-01 -8.906088822150617923e-02 -9.604270523448461827e-02 -4.988370665623221428e-02 2.348326449351081646e-01 1.090688973443682680e-01
4.542898982071388175e-02 -9.767927939948227445e-02 -1.190272542995749055e-01 6.343636867500239418e-02 1.432553337383322412e-01 4.740761216356270125e-01 -4.221577944319859776e-02
1.897683572830171639e-01 -2.375068702424037725e-01 2.819337584550283410e-02 -1.756016871015093905e-01 1.852957714268651038e-02 3.692502853341449454e-01 -1.110016481465463285e-02
5.521890101629785969e-03 -3.160301347891049106e-01 -7.239878437808787426e-02 1.197195921483124870e-01 3.621730125112880561e-02 3.078241917342212641e-01 1.745306932916050879e-01
-2.817366226929393300e-02 -3.094176258109063160e-01 1.002118515482417274e-02 -2.967110277602712926e-02 2.896518478621433745e-01 9.567752168881460406e-02 3.401621180630538810e-02
3.090752478993588070e-01 -1.195135434813237169e-01 -1.457127452767228437e-01 -2.032889307245479005e-01 1.141677589926854142e-01 -2.014113305511305296e-01 -1.317343519709666677e-01
2.180765371110303663e-01 -4.492010769393678382e-02 6.580771217240898030e-02 -1.807110699284942834e-01 -1.642795370514509856e-01 5.880219507805294760e-02 -7.537967210507834359e-02
-9.559852637399807174e-03 -1.086123777264818707e-01 7.671545292754035350e-02 -1.428496617046598471e-01 -1.436326434473684521e-01 2.529464961135147738e-01 -9.793808152945111811e-02
2.345847342444079553e-01 -1.944620618323857075e-01 1.186559303776406893e-01 -8.454972687999423586e-02 -6.902541199468958943e-02 9.070592972658481079e-02 -4.892870554811703382e-02
1.260753040099357181e-01 -1.460516157143266214e-01 -7.476170774396752317e-02 -2.966374062415779167e-01 4.140159767940303492e-01 -1.898096387176508026e-01 8.633249362590161846e-02
2.032408316051228514e-01 -6.220074359139136227e-02 2.079218968497753214e-03 7.806141058838701741e-02 9.486380363850349662e-02 9.201931124455157984e-02 -1.603528932575168375e-01
-5.642136256761710184e-02 -6.208056641161121408e-02 -5.723452440142734465e-02 -2.021094689057494898e-01 1.037094899117076557e-01 3.872155754428307367e-02 2.171828135619453121e-02
-4.377426301568981826e-02 2.121185836235353270e-02 -1.253238484245765283e-01 -2.233412929558098725e-01 1.864750467276606039e-01 -4.169845316631081572e-02 1.501680424678391301e-01
3.643602459896679857e-01 -1.509946621287676649e-01 4.434106312989608001e-02 -1.019222093734969831e-01 -5.831176739235210266e-02 2.620628951113690430e-01 -1.457616645243919040e-01
1.909211096115347728e-01 -2.626199432145649992e-01 -9.200765930338425380e-02 -6.554701489248951352e-02 1.621746877677432697e-01 7.161391223793994731e-02 -1.280125149572837184e-01
-1.565158203105771872e-03 -2.340494160462025519e-01 -1.522567295692366374e-01 1.889773870173308903e-02 2.558275557925407950e-01 1.196771212686528751e-01 7.038252573791468902e-02
1.556280020265149167e-01 -3.436363979402595747e-02 -1.204555147291950234e-01 -1.059934114338538791e-01 -1.279492229303574036e-01 -1.212417411897286912e-01 -1.378988364674059164e-01
-1.200418182891189456e-01 -1.342090176353262498e-01 -6.424939276500934993e-02 2.498573318652525660e-02 2.081942212588035190e-02 1.344039136429506232e-02 3.017461678323283825e-01
2.417340134146668540e-01 -1.364114289298558602e-01 6.682171951215357120e-02 -1.622454658372849412e-01 7.530775184664022237e-02 -8.939786783533500147e-03 7.195846800573961477e-02
9.577614066794511161e-02 -1.515409388806617796e-01 -1.421661119513280835e-01 -2.486934258372665574e-01 1.433887775200881343e-01 -1.783596573473790470e-02 -2.507278949631523979e-01
5.598220941421987173e-02 -2.010965624566710130e-01 -3.353237757873697017e-02 -2.063434819623183869e-01 1.108277869043445690e-01 2.636840369176440269e-01 1.057075239450906562e-01
1.132464690172998167e-01 -6.409683267741919654e-02 -8.608559830946391211e-02 -9.128096043690338279e-02 3.474384387819904468e-02 2.109965763515388171e-02 -2.153154348379734961e-01
7.829328223350542904e-02 2.996854430227825338e-03 -5.110190600165335356e-02 -2.051495758708090644e-01 7.020869591955813949e-02 1.513228407592619451e-01 -2.244524158788739343e-01
2.084151938664780823e-01 5.037998246666340607e-02 1.800555964772967976e-02 -3.121464755980576933e-02 9.529959759608787329e-02 -2.196453765729080090e-02 -2.740620984866158349e-01
-1.548357298365873880e-01 -1.519641653443365992e-01 6.653998661547061433e-02 -1.603920261583691720e-01 2.904504218710992625e-01 2.468895540654190979e-01 2.731491309093674741e-02
4.114236374041726346e-02 -1.943757438150293115e-01 2.474938823388287690e-01 -2.193311581083897954e-01 2.017612091124928314e-02 2.891433496453360008e-01 -1.055829132899473166e-01
9.501715292244848621e-02 -5.233054600458490052e-02 -9.517289932071647252e-02 2.045278433743362087e-02 -2.576885704622136619e-02 -1.856565215412358041e-02 -1.658451649701815356e-01
2.301662585546813966e-01 -2.287649106778084640e-01 5.439952177707628456e-02 -2.902701952329937024e-02 1.156183712100172928e-01 9.904832354360200430e-02 -1.418572510769027795e-01
1.591536095259675210e-01 -5.486458988450475943e-02 5.866277202065153101e-02 6.503470882926493113e-03 7.513959108367190831e-02 2.793191899756917659e-02 -2.248973298650756569e-01
-2.044218636053775628e-01 -2.877790116549171565e-02 4.593651594165549037e-03 -1.650781053203234094e-01 2.367818458291361117e-01 7.226285824807450464e-02 -1.140584186935295619e-01
-6.805343283812151367e-02 1.699138982378166005e-02 -7.458446454839241790e-02 -2.360148353215251182e-01 3.642877897401398113e-01 -2.484962738322388509e-01 -2.243441125843956968e-02
-2.236667773383448077e-01 4.912705488350769395e-02 -1.462051093586324846e-01 -1.653754748842499456e-01 1.398567391060659970e-01 -1.434932230477435344e-01 2.366360016146494896e-02
-1.895405260922327639e-01 -5.046749769863473865e-03 -1.122020011269353607e-01 -7.404573809375020188e-02 -1.166317754379983529e-01 1.357982489978668827e-01 3.121161059340570310e-01
-8.361206217579628119e-02 -2.192169237750579702e-01 -5.411870240593081097e-03 -1.614044576764768202e-01 4.034985040334621020e-01 1.192006625126887098e-01 -1.268137104604368307e-02
-1.995853392442652752e-01 -2.227514269380078127e-01 -7.625564048171754039e-02 -1.887355369388266646e-01 2.450875234241448319e-01 -2.195633462156798901e-02 -5.330897534187417630e-02
2.545403582847373114e-01 -1.825814431722780351e-01 -1.342302447485166084e-01 -1.080031208845227408e-01 1.441211981915235252e-01 5.595299305574813475e-02 -1.941155381414225167e-01
-8.812192444255699877e-03 -1.211171634092181870e-01 -4.868245124887360387e-02 -5.774120525089212336e-02 1.666537801238504313e-01 9.672082527340537805e-02 -2.177034945162387158e-01
3.208094084748832481e-02 -9.510184191619144856e-02 5.864013427342351648e-02 -8.741368271833822867e-02 6.969198544490279312e-02 7.716070837288020734e-02 -1.644265482353670926e-01
1.945793910530337900e-01 -2.393462664782255722e-01 9.051768793209415132e-02 -9.645293296464296784e-02 2.735416700099436715e-01 -2.758897880238410372e-02 -4.626111330443603148e-02
-1.567860492473013290e-01 -1.207901725311297941e-01 1.430341419981603357e-01 -1.309513955144312458e-01 3.862605750026462115e-01 2.824505847489262034e-01 -6.182147135600141175e-02
2.030962992503519693e-02 -8.424693890910213423e-02 3.339303195014692305e-02 1.684164901249293189e-01 -1.106951508883805280e-01 4.144917607805718301e-02 -6.979298625866618699e-02
-1.040629700693510157e-01 7.572201643510768909e-02 1.335318589918883456e-02 8.293033119265513786e-02 -7.102274385420477565e-02 9.029550122478408047e-02 5.689696851813175887e-02
-1.831549840942707785e-01 3.425436335039415414e-02 2.073423308836098294e-02 8.958037454834508195e-02 -1.754672639640231929e-02 -1.272081882295706973e-03 -4.690421965386302322e-04
-1.794137772009936349e-01 -2.513578067834649349e-02 1.188562959900941879e-01 -3.805719232993567958e-02 2.714926349171015163e-02 2.040757147243018876e-01 4.497838130313126792e-02
1.020495852727853481e-01 -4.088119631080947697e-02 -7.766423747848777426e-02 -1.021149594046360520e-01 1.126917697680227502e-02 -8.798696506969172493e-02 -8.834294140721630009e-03
3.800696386918580028e-01 -2.715184994797502638e-01 -1.272220718309757803e-01 -2.452920503364579008e-01 3.409885824118444320e-01 -7.753975341671564929e-03 -2.642961842731658129e-01
2.548881456090332231e-01 -6.895624783858685103e-02 -1.568177240344943435e-01 -5.670894603932209038e-02 -5.368822972769870389e-03 2.315564005171412143e-01 -1.871118385534890349e-01
2.074658335875010362e-01 -1.271397591014005735e-01 1.895422111942606305e-02 2.594949981335765987e-02 -1.013967526817933923e-01 5.205326754635077047e-02 1.474389549610251489e-02
9.254288205842468862e-02 -1.618979797747902849e-01 -4.983053845483995103e-02 -2.250286635265808799e-01 1.188382205000357641e-02 1.888019145512785657e-02 -7.683369804136411241e-02
8.400618537222341586e-02 -1.804983741102063610e-01 -3.260121958715457569e-02 -2.253870566092157357e-01 2.347636669725836622e-01 6.201485756014491618e-02 -8.511630319876092865e-02
1.369358558800915504e-01 -2.401061404995606108e-01 -1.174457268921832442e-01 -2.669579569358296878e-01 2.066973075321257847e-01 -1.131550916111727229e-01 -1.674962594175345154e-01
3.961377262089278012e-02 -1.547186292267528074e-01 -8.573374431478676672e-02 -2.041437248238621716e-01 2.923339982880289734e-01 -5.715902023307724983e-02 -3.999416342626516130e-02
1.176207714029407353e-01 -9.866036951219876727e-02 4.300805425311481772e-03 -1.524785363400163983e-02 2.185953746163595557e-01 5.204631148029483650e-02 -1.431670505586515318e-01
3.635982373261223422e-02 -1.299591247499883584e-01 8.981270672945958905e-03 -7.744586462131350380e-02 3.801803246961411864e-02 -3.671498074745778439e-02 7.157757125697951361e-02
-1.389147087761734289e-01 -2.267839840083722414e-01 -1.009046716314430658e-01 -1.365944335218020195e-02 2.640791350011103544e-01 1.996845392031402489e-01 1.369975262450920384e-01
-9.348661477998820857e-02 -1.307380258438834708e-01 7.017474463941758556e-02 -1.405149856791794161e-01 5.373181909565864778e-02 1.693663446439311049e-01 2.022311737681676824e-01
1.512962210343755665e-01 -9.790826058768033191e-02 2.771578707949657813e-02 -2.350212332219693001e-01 -4.828125332374209877e-02 2.246737201586355148e-01 -2.757810760018967189e-01
-9.714834624455399859e-02 -2.233445654633897937e-01 1.120205390531881645e-01 -1.018910552624223836e-01 -4.369723435808112871e-02 4.103289270931945731e-01 -2.729469368443346658e-02
2.836243129322326209e-02 -1.211843381128900055e-01 3.388774239847783254e-02 -1.409494126023490557e-01 4.214394625482310586e-01 1.364244354505619872e-01 7.037189808478837814e-03
1.387902277562601261e-01 -2.143418499999273363e-01 -1.231914633722776958e-01 -1.051843851719447692e-01 1.620749236822219830e-01 2.022034441330128329e-01 -1.185606302965062503e-01
1.304589220264606719e-01 -1.520424874582317620e-01 -1.399902344408987531e-01 -1.356136263545054954e-01 -8.693405457245792500e-02 -3.110697253506046478e-02 2.383337706637777068e-02
6.721126936902632742e-02 -2.471218786889066710e-01 -1.486476362282124208e-01 -1.806347396614076395e-01 1.117114540580691068e-01 2.715646567503229303e-01 -8.314092089348081027e-02
-3.823998711678250340e-02 -3.045730641107297076e-01 -1.669461185027872052e-01 -5.103710705781902557e-02 1.469531305782186825e-01 5.790075946298514631e-02 1.007374187686018302e-01
-7.121868713418555430e-02 -1.269209428111124083e-01 3.747414773510350516e-04 -1.112896961457173484e-01 -7.267688832825264234e-02 3.205071702547616641e-01 2.525928440717886136e-01
-2.665654697150462438e-01 -3.015533412648726541e-01 2.004112101501996368e-01 1.746087325687999126e-02 3.404290089126422308e-02 1.665373081925324017e-01 1.123654226164304409e-01
-7.359531715639845706e-02 -2.141761499927257451e-01 -5.303805300497813069e-02 4.185640547282069857e-02 1.309516703153541795e-01 1.604355693282626949e-01 5.849128477973343510e-02
2.112394350223534278e-01 -2.326666350223076940e-01 -9.211968064760725494e-02 -1.746927630593224368e-01 2.048062276165537599e-01 -9.692291125726434919e-02 -8.204064606561220496e-02
3.754101553216165343e-01 -1.910051393525112051e-01 -1.989076084988533957e-02 -1.744840074131374236e-02 9.932954949713836135e-02 -7.404839369312736508e-02 -2.360055395102809428e-01
1.190936113198343659e-02 -1.548891121314578123e-01 9.355671977346359525e-02 -3.452088788529257268e-01 1.492692531396205557e-01 5.011429898078185313e-02 -9.658015875880271439e-02
-7.052593134386070384e-02 -1.444352494024271905e-01 3.157656474712183803e-02 6.464627374610968681e-03 1.980672835441273181e-03 -1.086341209336017244e-01 -1.654415707406589886e-01
2.949921274341572586e-01 -1.646478575604165828e-01 -2.114658703159183820e-02 -1.569727490772361567e-02 -9.745822422797230725e-04 -5.070568301017071983e-02 -2.626154259758361476e-01
2.579015604696451858e-01 -2.825478431345938013e-01 1.626825075574045432e-01 -1.739635234423639043e-01 1.747418898600718307e-01 9.438656902515682456e-02 -1.662036351083428787e-01
4.268041011808498125e-02 -9.856721367036372361e-02 1.525288029169915294e-01 -1.243100015122839824e-01 4.526304478031131784e-01 9.080196802862799954e-02 -1.821107959223489114e-01
1.721939769460741898e-01 -2.727792467141365584e-02 1.264005766507315387e-01 -4.495661083188506879e-02 3.611809352618161051e-01 9.415788667539067014e-03 -2.724492619565174745e-01
-6.871005000716605415e-02 3.208160237385552366e-02 7.238225020732028114e-03 1.295625923763758791e-01 1.186580713011478744e-01 -7.570282115844226278e-02 -8.169131633168848217e-02
-8.730748133369983441e-03 -7.304423107555196859e-02 -3.529238287187357742e-04 -1.359772681261278704e-01 1.005731254728035595e-01 5.532003960231080680e-02 -8.259584568939572213e-02
-1.720168439361469681e-01 -1.145374608940895739e-01 3.578306570430786482e-02 -1.459428149446509726e-01 3.799651623863862238e-01 3.262040543084767513e-02 -1.250423244396718370e-01
5.353584366594570793e-02 -6.400710136013862406e-02 3.988308396277807227e-02 1.481261779958897573e-01 7.233883942304350501e-02 -5.313463573816323143e-02 8.834082338441726079e-02
7.878033215544717055e-03 -1.454341858905827678e-01 1.596085043041614304e-01 1.316215074124550168e-02 -3.076272522633791140e-02 2.419514728342256893e-01 -4.914815642424387454e-02
-2.122644365413716566e-02 -2.400235302056842879e-01 5.611909518151435294e-02 3.550869918279529747e-02 2.056036149116080292e-01 -7.328086374051386021e-02 1.662625447989226901e-01
-1.021411528524574473e-02 -1.424341249522077524e-01 4.395329194472773898e-02 -1.241783440108860798e-01 2.955141724785783075e-01 4.425774663741150611e-02 7.695022999782329121e-03
2.496718687539362797e-02 5.252962110991228617e-02 -3.278434476625489286e-03 2.357357705457220898e-01 -7.399306402937105842e-02 8.203061087493029868e-02 -9.178215761515054472e-02
1.092480505652313263e-02 -1.449428046154332128e-01 9.975874446560140107e-02 -3.383856194339403961e-02 -4.408594540143091767e-02 -2.207943286777799483e-02 8.459617364874383316e-02
3.532171309088125155e-02 -9.985942315530933755e-02 -1.204497676890058933e-01 -5.955351661931224463e-03 -1.107272238733803260e-01 -9.751419780093337208e-02 7.798352617739347237e-02
-2.977143483752771602e-01 -9.383707527945436833e-02 -2.410780307815769269e-02 1.004407656724254777e-01 3.565202428775837151e-01 1.201207223152245956e-01 1.077512316948589510e-01
9.989327280747496707e-02 -1.221450539446843481e-01 -1.270923756539934502e-01 -2.445060036919020907e-01 1.082362198783325541e-01 -4.118967536820905551e-01 -1.813181708712920392e-01
1.770330846390921198e-01 -1.738191579252418295e-01 -8.042186468048904968e-02 -5.439920928216736284e-02 -1.041276000099454306e-02 -2.469515787624007586e-02 8.081381039084446771e-02
3.147023475804144876e-01 -9.657994104899179921e-02 1.169138076971072970e-01 -1.393507242629916376e-01 -1.790227009025793237e-01 -1.755117199535263794e-01 -8.736855510898654253e-02
-6.238142686739465287e-02 6.923490999762441263e-03 -1.202189308863041289e-01 -6.098617573094070217e-03 -1.319106030384846993e-02 -1.236129321684651117e-01 8.928078786669682576e-02
2.043013576212049653e-01 1.618405110082840603e-02 -4.305764374476069023e-02 -1.405249996345727392e-01 9.904419252069945889e-02 -1.730915890272848034e-01 -1.995661033900209547e-01
6.190302735177650312e-02 6.701128352090789109e-02 -2.916491095197944888e-02 -2.096196244577521461e-01 1.364200811733783103e-01 -1.342913912238314633e-01 -1.459182533703666240e-01
3.691136923692999589e-02 -1.235884987176904121e-01 1.348144070168092248e-02 -2.252548323253774631e-01 1.697047321576258261e-01 1.022372779494669240e-03 1.840481025204667442e-01
2.390808602871099392e-02 -1.270958208475256590e-01 2.153433762507915225e-02 -2.209849741597460782e-01 3.953991885773931458e-01 9.882503325933500449e-02 -1.809877850016596568e-01
-2.646077421426215256e-02 -1.823484318166554985e-01 2.586815062885625474e-02 -1.850036527632357986e-01 2.112560027308268140e-01 -5.047331860999238612e-02 1.352742226514064838e-01
3.353698977529396830e-01 -3.482648805650031543e-01 -4.749905800374570886e-03 -1.872320739765705178e-01 6.699819707528784085e-02 1.228687834097568349e-01 -8.098944388756031121e-02
-1.050163859185668930e-01 -2.258974970717226860e-01 5.741440262256804206e-02 -3.134230409940580997e-01 2.500755894465094831e-01 -9.842476218406488384e-03 1.855656293403709980e-02
9.335300718732507386e-02 -1.714122736903027078e-01 6.206842556318400289e-02 -6.090895200108296936e-02 -1.485339738463840355e-02 5.421878107492126425e-02 -7.037995608624585120e-02
1.070905906350842068e-01 -1.511909898606363933e-01 -5.340222033661908008e-02 -2.214828777675723614e-01 3.150391914997369702e-01 1.194426979462215738e-01 -3.557147584568555454e-02
4.824608777942818172e-02 -1.794426836251073187e-01 -3.146079465481443210e-02 -1.817827650387980054e-01 1.047619344438895442e-04 1.043421521035436811e-01 -4.933332125080818614e-02
-5.974079271316418138e-02 -1.025665151745555614e-01 -7.471000945085519429e-02 9.081770344911229212e-03 6.471872579552842564e-02 6.231595920537427030e-03 -1.804444334035031072e-01
-1.152306654855663332e-01 -2.336319402958875469e-01 -1.483874517070748467e-01 -2.141381426234942043e-01 3.553758838299491685e-01 1.879523704235936676e-01 7.182717886079467706e-02
-1.049177383958257576e-01 -1.313268786369756191e-02 -7.690116315661948282e-03 5.955498868672803869e-02 -6.145241990778765179e-02 1.156850245630848539e-01 -6.013154998722287925e-02
-1.403728244594226460e-01 -1.961906792437504432e-01 -1.070601934667444327e-01 -1.689957965106585469e-01 1.751028849703014090e-01 2.981003682228280383e-01 1.403443776601098203e-01
-6.966529487861054803e-02 -9.687885709955895708e-02 -1.962682122120731204e-02 -1.633153480952266590e-02 1.743949535717999044e-01 9.167128582666665693e-02 5.698622275591160025e-02
5.307618822451069113e-03 4.413127913953657916e-02 4.475132795859627227e-02 -1.471106642268462661e-01 -3.610653981824695630e-02 -2.627758618375832661e-02 -4.414184217464232896e-02
1.862964357390491099e-02 -1.552645323952666079e-01 -1.136665740374120381e-01 2.054311745735518946e-01 -1.146947705601511769e-01 2.507741827129467138e-01 -1.838466216367777295e-01
-2.529128225619434733e-01 -6.726233244917997900e-02 3.636378678560637807e-03 1.873970628944602590e-01 -3.446303009527659778e-02 1.431675980656087477e-01 -4.249256111407758579e-02
1.094363303263236192e-01 -2.682114531131693513e-01 9.056324013533621417e-03 -6.201492302848433946e-02 -1.440247333774800909e-02 1.602716480047744474e-01 -6.058454461882541164e-02
-1.237188293297463160e-01 -5.891102700580085061e-02 -2.343026024248286987e-01 7.209059751375992975e-02 8.294686038431757502e-02 6.540460446276881445e-02 5.128734235444785960e-02
1.307613599284873085e-01 -1.970181725205506218e-01 -5.985585436782119018e-02 -1.579158080204487169e-01 1.646363321221235021e-01 1.065279578030815105e-01 -1.997220409853049661e-01
-1.336171395892705310e-02 -1.388254614020594802e-01 -1.894359377188140070e-02 2.513066352776877621e-01 1.002428762298347709e-01 -5.552183546998310654e-02 -1.070672721832008518e-02
-2.361052013255630216e-02 -7.826223905166443395e-02 1.839152588899679863e-01 2.524287068345691665e-02 1.155732653578130098e-01 9.317952860875322596e-02 -1.099661281492084197e-01
1.174175211687492615e-01 -1.889853387377583294e-01 1.213783065061338068e-01 -7.687974330931322819e-02 2.183258817575223776e-01 1.063797266257683755e-01 -1.710827956446726306e-01
3.299886424404703811e-01 1.500581473657234058e-02 1.517837858231586012e-01 -7.199835210497869398e-02 -1.038422896659139533e-01 1.110653695559351561e-01 -2.409173450030548114e-01
-3.173521903335106264e-03 -2.679576694196698222e-02 -7.406410496809127941e-02 7.452760005057023490e-03 -1.128086487730130955e-01 -5.037253499575324728e-02 -1.102329606159469233e-01
1.440940928214750061e-01 -6.360478159996639513e-02 -1.298221356954695482e-01 -1.165576643911850618e-01 8.904509512241919056e-02 -9.304427410663831943e-02 -1.000313831833018613e-01
9.396520328727515914e-03 -1.343528676066875205e-01 -9.973597721143531020e-03 -1.026988443963066239e-01 -1.154214316916506583e-01 2.149144118282485943e-02 8.426522165476915682e-02
-1.747099743526532578e-01 -4.057268616689810314e-02 -4.322990898880865740e-02 1.547665094017959542e-01 -7.213327403234970348e-02 5.266867653245483477e-02 2.276026558072914013e-02
-2.472109768828458232e-01 -2.037239728250157811e-01 2.569572473848868305e-02 -1.245295146794799801e-01 2.829360521420953289e-01 2.558932850886943000e-01 2.416080567998775408e-01
-9.718968276667140638e-02 -8.937229036749524957e-02 3.694882734607267405e-02 -1.709596082001199613e-01 4.138626487271048204e-01 -4.036415192131455332e-02 1.050175713130665212e-01
7.142002509000339866e-03 -4.461901023010929855e-03 7.216925136811706831e-03 -9.704019926980639310e-03 2.150016038762354587e-01 -2.300207090667322207e-02 -1.588563121076638218e-01
-6.740775699078414840e-02 -2.411714081665747855e-01 5.136222806576275224e-02 2.123540663913772372e-02 2.165981913080525234e-01 -1.725409233034106427e-01 1.234380635489768646e-02
-3.142720462759972938e-02 -8.393878685803433937e-02 1.331170474231303802e-01 -6.468005236126717072e-02 3.395230350535524133e-01 6.232235994783871108e-02 -6.760833864539708693e-02
5.615404110818431743e-02 -2.109969535424464360e-01 1.232772088412983913e-01 -9.289029218859512493e-02 2.252916817733322530e-01 -3.663026803993899884e-03 3.090191925420389396e-02
-6.011784531952279152e-03 -1.520093843054626248e-01 1.275875256779366446e-02 -1.684659576681944715e-01 1.227462409421780087e-01 -1.285368807429364268e-01 3.457799914436820304e-02
-2.718606929574871045e-01 -8.334416781242380556e-02 -1.031213185844567642e-01 6.158147172421655352e-02 2.310508232770160097e-02 1.224848611778708851e-02 1.222206779191502835e-01
1.876498240459973377e-01 -1.634342363343649351e-01 2.174006139361806846e-03 -3.062665487699351985e-01 4.033738052203799523e-02 -2.475978904885664800e-01 1.407485011288514831e-01
-1.159550115073564036e-02 -1.737656564165438178e-01 1.852829488931068483e-02 -1.081032151165874367e-01 3.203371748899554450e-01 3.592778474605201056e-01 -5.897259515849896661e-02
-7.814274802866326419e-02 -2.389151846586424488e-01 1.513621015322080543e-01 -1.342729593358565343e-01 2.266940461554046993e-01 1.608880443197730215e-01 7.721174225559881976e-02
3.721790806146832442e-02 -5.005169637754459944e-02 5.597362113781507303e-02 -7.985903942798758259e-02 -1.772006207561199198e-01 2.332337873787866389e-01 1.883895737877221421e-01
1.037334784144701705e-01 -2.395295140672033529e-01 4.777387871553776671e-02 8.079050498741308095e-02 2.102015832096110759e-01 8.466227473701900402e-03 -1.521102877526160115e-02
-2.107271516116427379e-01 -6.090173087612762298e-02 -5.610958236465780208e-02 -1.176565447392529870e-02 -7.033937544042967449e-03 1.491281278477963601e-01 1.166906256896006605e-01
-2.087726463870408777e-01 -2.600555300370490514e-02 -5.613799432953470864e-02 -1.822830397638335598e-01 -7.376452648804193712e-02 6.136130693137164908e-04 2.980310666840190748e-01
7.935230565744354203e-02 -1.533339325041658541e-01 7.527619616002667602e-02 -4.372668935281966152e-02 3.966237651088728167e-01 2.677764153890881405e-01 -1.163665505776262932e-01
1.244347948192693343e-01 -1.371743598769195605e-01 1.002811510186267935e-01 7.636701091373916672e-02 2.573193879716833762e-03 1.141083282914130692e-01 2.680492455133398969e-02
-7.367165698417425801e-02 2.231070741796625095e-02 8.008359279812619913e-02 2.405667213231165585e-02 8.195836057432414473e-03 1.842890436624275152e-01 -1.567768722162552197e-01
-1.887993125297947328e-01 1.758108331186037931e-01 3.104677455617298187e-02 6.291300584520491401e-02 -1.243816052219516438e-01 -8.228100306514565809e-03 -1.988609982122642450e-01
1.300484053484730618e-01 -1.346473776102575792e-01 -2.495619165442973242e-01 -4.293352522628857831e-02 2.916456026269536594e-01 1.428079598296529140e-01 -1.022430575319095980e-01
2.306368816180599107e-02 -1.180603441253798569e-01 5.314036722071569657e-02 3.780430598440437384e-02 -6.905147151442039832e-02 1.194503612570685658e-01 -1.895017895115051754e-01
2.048915773138439977e-01 -1.429211025829041082e-01 -2.128737360597315609e-01 -1.481365138089408007e-01 5.788557278785946836e-02 -2.177493931763679613e-01 -1.516282629713572583e-01
3.718787247295362447e-02 -2.022767724025406055e-01 -3.297450676137703846e-02 -1.653841791042908738e-01 -1.775269676203202265e-02 9.600362719337615647e-02 -1.148022746329213500e-01
2.612249018456525018e-01 -2.395501288813466356e-01 3.038383506991405164e-02 -1.288354476744111021e-01 2.802190329877433661e-01 -9.635683943928077810e-02 -1.634211134920074415e-01
9.872446896364617253e-02 -1.734089990839186302e-01 1.023662027821313214e-01 -2.396354232735750101e-01 3.704239420744547817e-01 5.570589271072622778e-02 3.236580066786955839e-02
1.628625149061272218e-02 -3.137856846277161105e-01 6.561184580410386880e-02 -9.563035078329075109e-03 1.968596391900016562e-01 3.356385686371541333e-01 -4.834846829419578440e-03
1.258740344488748775e-01 -6.951013339280384673e-02 -6.593856722827490247e-02 -1.623729892768302763e-01 7.135590444007665345e-02 -8.538397846514422795e-02 -4.348543626931754974e-02
1.549295922329666231e-01 -1.893405187042040139e-01 1.417305749067660214e-01 -9.612864793348338543e-02 5.422620132827379869e-02 9.135716039598464067e-02 -4.231857661601100273e-02
7.696879649985422477e-03 -1.944734928004568097e-01 1.722106601677556859e-01 -8.217417626079367987e-02 4.048705749388427644e-01 1.143314234221638609e-01 1.049701057266803558e-02
-3.557043423693363043e-02 -7.129140243902966356e-02 3.073553157496715094e-01 -3.496602304766657787e-02 1.864235036417131175e-01 1.571176160623983381e-02 -4.435351734179689143e-02
1.524241271824180836e-02 -2.693315106600158715e-01 2.109209175256115260e-02 -1.546440098416746178e-01 5.299110783646768796e-01 7.674401363379111662e-02 -2.111585103908975025e-02
1.114730422012484012e-01 -2.281432615795014607e-01 -9.590083672866507591e-02 -2.373644700205450597e-01 1.818833786777375172e-01 1.256732229006125023e-01 1.001490272301230194e-01
1.621195382001965335e-01 -5.090881181986219028e-02 -5.312421731467702884e-02 -1.531784376088726474e-01 -2.482663910556518611e-02 3.586096049756250931e-02 1.846187721112190622e-02
-8.195371823355197816e-02 -1.893539150026731788e-01 9.891114998837052807e-02 -2.160131158639362892e-01 4.547130555773330474e-01 1.958207658336079959e-01 -1.098142896888594233e-01
2.687498123851709414e-02 -2.252009641030183751e-02 1.651358786471374129e-01 -1.042134784325014218e-01 -3.547491673911913612e-02 1.453663990140602325e-01 -1.310533105201754922e-01
-1.007564614928030053e-02 -2.891810946458332754e-02 -3.703225033499042002e-02 -5.633167871465699639e-02 5.529937752658510564e-02 2.030450091422839887e-01 3.162561874130388750e-02
-1.797194645268156976e-01 -1.408405594231930680e-01 2.377812454618420668e-01 -8.061188329880383807e-02 1.890168766815156567e-02 2.320385558423756767e-01 -8.665521858536216759e-02
-2.077275681032225707e-02 5.818265869038018179e-02 7.208112185544147781e-03 -4.259838547894415767e-02 1.263411845152505597e-01 -9.252895478831953124e-02 -4.011086983692066510e-02
-2.142846709386816706e-01 -4.233671548525634598e-02 -9.472872636967404059e-02 -1.525285661794540670e-01 3.789877722500286650e-01 2.481080931392950772e-01 -7.952665863735032536e-02
4.082711480115743252e-01 -2.351195436272343342e-01 -7.258202920011776194e-02 -2.019948375954168929e-01 1.695739630177701407e-01 -8.954995259343308256e-02 -2.436795756769258581e-01
-1.379778411665358862e-01 -2.186773137562456615e-01 3.060836125224648541e-01 -1.689489421049496232e-01 3.680334497167331298e-01 2.301627547556360509e-01 -2.081145947032000607e-02
-8.915136820944340179e-02 -7.838256165749861448e-02 2.541641593780606945e-01 -1.446507802903375661e-01 2.656640577102040157e-01 2.875147018564243040e-01 -1.292011231081155731e-01
1.968538984764171551e-01 -1.224463607219215544e-01 1.496771447687463563e-01 -2.265651079438466831e-01 1.210670042940600183e-01 -1.936308170160370712e-01 -1.287498799439955044e-01
1.016553917740666696e-01 -2.891990641156942377e-01 5.729100775337118978e-02 -1.852636200269004675e-03 1.803310170769218401e-01 3.848656223739213011e-01 -7.115240391530791575e-02
-1.670905598652791813e-01 7.470709228356681164e-02 -1.503439963749061414e-01 -1.249130182973483445e-02 3.829261432828063860e-01 5.800241838599554112e-02 -7.016908237171051721e-02
1.617789513864403145e-02 -1.338709274502870306e-01 2.228292104632807746e-01 -5.127921842701738814e-02 3.018295256203090693e-01 5.083571554967403205e-02 -2.907601979077925058e-01
-1.039731868766574641e-01 1.319583934849741236e-01 2.297979564143367084e-02 2.815218533241842791e-01 5.415834697093395607e-03 2.638047269958413432e-01 -1.031182588983853843e-01
9.570434727387552853e-02 4.503814543749615901e-02 1.935866310874551910e-01 -3.207054541351166826e-02 6.706748272534374111e-02 -4.062084909529412383e-03 -4.147507546424216568e-02
3.428714717029044540e-02 1.460507631811007803e-02 8.109126650157982841e-02 3.588546057171655701e-02 1.545078841821058147e-01 1.542343014560087489e-01 -1.497540025338023328e-01
-7.233153384976663547e-02 9.480189061883741164e-03 1.545159884333373590e-01 -1.068842265009911363e-01 1.848909804477743071e-02 1.018583045985982719e-02 -1.922653443908770299e-01
2.780515302364262031e-01 -1.749710278795213458e-01 9.745367366777495099e-02 -1.407241799392346948e-01 1.998842703910249097e-01 2.022382307730541950e-01 -8.276989073598624291e-02
-9.243673986004979914e-02 1.069800303161924093e-01 -1.545294703904457334e-01 -1.639993039898273164e-01 2.570407089942070358e-02 1.701424672097041901e-02 -1.515843987951571159e-01
3.313350949436146831e-01 -9.162537569670314852e-02 -6.784387314492092147e-02 -1.233169288057046203e-01 -8.232826023434783314e-02 -8.304652339000975769e-03 -1.062462543635698392e-01
1.677233747079187043e-01 -9.274676341890630837e-02 -9.777969153629165189e-02 4.462907009683730886e-02 -1.204744143879428464e-02 -2.886708269315503908e-02 3.207892296938088389e-02
4.239448817478954634e-01 -3.102322561870928808e-01 -8.615225052943695228e-02 -1.679557882779834088e-01 2.389382067559594480e-01 2.302194241056762167e-02 -1.313007687230123843e-01
-8.956964477095452626e-02 -1.862361307303571911e-01 9.115288084300499083e-02 -1.650719369017390192e-01 3.682198739563281586e-01 2.161805144394221279e-01 -5.343585930660604832e-02
-3.292145127746275157e-02 -2.304316601012951216e-01 -3.431835082827755512e-02 -1.844179943291705259e-01 2.478179052776261215e-01 1.183802771280813293e-01 -2.090767025467642898e-02
-1.238458564183798488e-01 -2.301431072744597461e-01 1.127468691907239223e-01 1.750748149412265650e-03 2.700923722677918692e-01 2.924398549293331095e-01 8.622616472923040620e-03
-1.715639130088202902e-01 -5.844141315999243358e-02 4.388499630615228658e-02 -3.995298902505050459e-02 1.663460658414046833e-01 2.825844222476425749e-01 4.501604262127842371e-02
-1.404744528718472954e-02 -2.338784971804761248e-01 -1.699449102839798581e-02 2.066773335098589792e-01 5.515181615368926898e-02 9.102944134982839108e-03 1.019339887140933709e-01
-1.568913799397791131e-01 -1.373115151050030014e-01 3.588748452558348373e-02 5.716002667482041749e-02 2.194328274485626562e-01 2.475379918520309863e-01 -5.739794426036585323e-02
-1.791762806756969639e-01 -1.331686744875281436e-01 9.882446619397027010e-02 -1.650172575456440027e-01 3.620491570047369989e-01 2.433076627694373550e-01 4.685278739681910526e-02
-1.658699959199259610e-01 -2.863528119211893735e-02 4.016932232688792681e-02 -4.064498407242667088e-02 -7.182582736948335544e-04 1.005990638526786940e-01 1.677077702080931598e-01
6.661513000405347440e-02 -7.237512773654622422e-02 7.987857247973059738e-02 -2.074552138098848530e-01 1.330874513816900362e-01 -6.356964396700939129e-03 -2.871578165781173142e-04
8.169615945342006968e-02 -1.722763860753581677e-01 9.642236976792442626e-02 -1.354551289667059455e-01 8.827488593055325683e-02 2.216668130971435058e-01 8.728001212415131826e-02
5.267471168253899660e-03 -1.278994474108726964e-01 -2.159583279193458966e-02 -1.146462418808690126e-01 2.402431223675840499e-01 2.299008107184409566e-01 -1.140475344824151971e-01
4.631663600718782803e-02 -6.992769787704750106e-02 -4.024886184525134497e-02 -1.616154030428020028e-01 1.214188726091263160e-01 -2.518674010844278513e-02 5.976562706769110445e-02
-3.169039649396237363e-02 -2.702063402906473844e-01 -5.803674241214278745e-02 -1.654639020476616207e-01 3.378224224401488729e-01 7.475528340680109851e-02 2.084001562090698895e-02
-1.725501134467667397e-01 -1.806584103210480685e-01 6.457018023819802166e-02 -1.051060715184149175e-01 1.401672319882596995e-01 1.607938746743376446e-01 1.211021150394752943e-01
-7.913383893256238644e-02 -8.787127709137448894e-02 2.113279812871194097e-01 -5.662342840168591712e-02 1.375665506245102587e-01 2.542480485532835344e-01 -7.522658938921409147e-03
-5.597613993736385435e-02 -1.983625412136536537e-01 -9.211281201853248335e-02 2.308887362867063642e-01 2.697940275576002356e-01 1.397030783423933720e-01 1.447878921631675087e-01
-2.256830384422740463e-02 -1.220034401967187571e-01 1.513133976104537592e-01 -8.701739825956637808e-02 2.588223973555860424e-01 2.564692853054850175e-01 -1.745803787724631295e-01
3.357880289021978326e-01 -1.839084747256879426e-01 -7.826098016149259096e-02 -2.122507269353366421e-01 4.862201228698292271e-02 -1.394098915836824160e-01 -2.608656659687761392e-01
-2.506925489685820074e-01 1.392285333123642783e-02 3.054074946770676813e-01 -3.573502174541379195e-02 1.485278206776508292e-01 1.874705862129545653e-01 3.737649251683998475e-02
1.527010669763517181e-01 -1.702300398808200832e-01 5.115079059529743788e-03 -1.973901742148642946e-01 -1.726678470762089135e-01 7.897726953482644974e-02 2.068330040287567895e-02
2.256925478881165181e-01 -2.046480260631930448e-01 3.192988070257219979e-01 -2.236556186518411649e-01 2.439630513738360040e-01 -1.920604493203430935e-02 -1.589578543075332306e-01
1.735264915689580245e-01 -9.883748919381946108e-02 2.902355670231526186e-01 -1.511829724707085820e-01 2.075589660266158043e-01 6.515228389605866310e-02 -2.912045779575699322e-01
2.398025790945028379e-01 -1.594550129182048526e-01 5.782591215610556612e-02 -2.274556103646593330e-01 2.020616541761145746e-01 1.390287832366699471e-02 -1.267869851687310478e-01
4.572165624424600477e-02 -6.846590018028392288e-02 8.301365243338079680e-02 -1.177832856908027637e-01 -9.838568809430731088e-02 -1.502536476969904868e-02 -5.390456035846419997e-02
1.402204571907666834e-02 -2.222324788711438071e-01 -9.254850691163266085e-02 -1.024841894444515067e-01 1.878338298541533669e-01 -4.904430517880135204e-02 2.560173597931554579e-02
4.292092975335749794e-02 -1.826196904155548417e-01 9.587197111407969041e-02 -7.735437598528654979e-02 1.175468722947855954e-01 4.432702239145110135e-02 -1.663049265950797967e-02
2.559999333558850010e-01 -1.509641907290725782e-01 -1.172676411715662254e-01 7.946221958753223180e-02 -6.394961791002143348e-02 -1.224523582869278121e-02 -8.692155577380376863e-02
2.004128724318172405e-01 -1.106355852569801818e-01 -9.096390248685181160e-03 -1.412002560853756472e-01 2.816412364971169757e-01 -5.795657369674801079e-02 -1.024749027274464430e-01
1.233086867356896071e-01 -2.254817756051049060e-01 -1.256076345844881759e-01 -1.154988542424846831e-01 9.069863286572633909e-02 -2.809894931959209044e-02 -9.465894400458191651e-03
-1.528853757768279253e-01 -9.048316268641468096e-02 -4.342016221464355119e-02 -4.773746227348967669e-02 -1.044004744805859808e-01 2.508946737030470220e-01 1.642497118380403798e-01
-1.126751049027776147e-01 -3.126902166109092884e-01 -1.651993125556361630e-01 -1.465843307007578256e-01 2.309418001651493690e-01 -9.041181352291384130e-03 1.927546073397076454e-01
-5.653567611734609116e-02 -6.273980939135985480e-02 3.134471376398517001e-02 -1.169270438019045510e-01 5.100696857909048365e-02 2.623273473935933686e-01 6.712041664790185935e-02
-1.434882230025809891e-01 -9.686496782691302043e-02 -8.586963665027935733e-02 -1.566196337654678084e-01 -2.006169650948282784e-02 -5.725834604622519891e-02 7.045367954170510261e-02
-1.233396262047657677e-01 -1.499002802903347809e-01 1.837113421295114013e-02 -1.862339409512802912e-01 3.248712945224741314e-04 2.944041435720617383e-01 1.609349998843379731e-02
-5.484552357012166535e-03 -5.298684695331176697e-02 8.428681273566263066e-02 -1.082253640076276946e-01 4.003650609299009844e-01 1.423822789721166659e-01 -1.146162983812743646e-01
-7.428650807596194616e-02 -1.744050851233943933e-01 9.709800650588876203e-02 7.473680193123553861e-02 9.613088002556326173e-02 9.969824772620260178e-02 2.966624052167840531e-03
3.051750330394649782e-02 -1.937416156791661043e-02 6.055072404211551962e-02 2.190160123125804714e-03 -1.412515795453596623e-01 6.564465241436605314e-02 1.774684936193885454e-01
-5.717039107032949319e-02 -9.944290389996285340e-02 2.604085738747012879e-01 -2.752131583522830494e-01 1.117995663271092871e-01 3.013775497463708763e-01 -1.330690244836806591e-01
-2.807421452576864054e-02 -7.392508859402310839e-02 3.467407373621458899e-02 -1.565924685840367758e-01 2.055564680503680353e-01 5.927941471093936543e-02 6.641190371408939308e-02
1.564817706141097275e-01 -1.287216053868316668e-01 2.004233624748402443e-01 -7.114264996700915729e-03 1.058989258100967862e-01 1.472000391882570258e-01 -8.078134311718682126e-02
1.970472876306489651e-01 -8.507300310916045272e-02 8.606245846880043737e-02 -1.184871911287253832e-01 1.196577717823483211e-01 9.429796304405743679e-02 -2.167373397358742793e-01
1.577785869879369252e-01 -2.431770023207215636e-01 -5.621166021916064806e-03 -1.923241109155822692e-01 1.053974342200101819e-02 -2.687129083334515930e-02 6.146112992576520384e-02
2.706674183800347050e-02 -8.029841509133643640e-02 2.419824414016845948e-01 -1.191373655635742934e-01 7.616751286217388062e-02 -1.169606247546041249e-02 -2.548581126356294635e-01
-1.195858366453424887e-01 1.061973785485557237e-01 6.659820361518010295e-03 5.036175223046864685e-02 2.973744163064289542e-02 2.157600493707535205e-01 -1.295131494911491155e-01
-1.362261305648913845e-01 -6.338562810619058352e-02 -6.774586677074027896e-02 -1.142813373949893296e-01 2.305930323840144069e-01 6.187182470125734274e-02 1.590354954897231221e-01
-1.704034434331965220e-01 -1.197890221555041879e-01 -4.927023744071269001e-02 1.492765353626674951e-01 1.042786418166474910e-01 1.793982724651449479e-01 -4.268576450364408581e-02
7.673530298990008554e-03 -2.339994800670561204e-02 1.250007052677204744e-01 2.605659766913580137e-03 5.292028272353706264e-03 1.037792777214657236e-01 -2.177633734417326050e-01
-1.878067648921760424e-01 9.660784753340639908e-02 1.229594061297580865e-01 -6.422214766046983880e-02 1.411296906383506522e-01 -2.510344494129988085e-02 -1.752509041870813425e-02
2.323195501855225831e-01 -1.836979235745321570e-01 -6.330875853513430462e-02 -1.325752906216304955e-02 1.306388831765475655e-01 6.460683111900714093e-02 -2.762968055206173057e-01
-4.661542635950278318e-02 -1.382718790040735612e-01 -2.051266793762120400e-01 -1.334410974240784475e-01 -2.868539100747709986e-02 2.190385950961684647e-01 1.200729738088176651e-01
-3.416018305665340787e-02 -3.758344348916139305e-02 -8.364234403489209657e-02 -1.611961462613566709e-01 2.229370718138161400e-01 1.936490951363339652e-01 -1.590461358229837696e-01
9.449076253433368044e-02 -1.293347392984381117e-01 1.997249185053988074e-01 -1.147936264534831913e-01 7.100339500926478031e-02 2.118398657607604985e-02 -1.129259405895408630e-01
1.228282908015196628e-01 -7.430630632073663422e-02 2.501273079430712046e-03 -2.079380609701074467e-01 4.455412574043538659e-02 7.717663668324056814e-02 -1.465755060339338500e-01
-2.383788720274015727e-01 -9.516667617252692890e-02 5.650634827548789429e-02 9.709468251341307754e-02 2.157808222480123994e-01 2.444158267023347278e-02 4.301522329192615512e-02
-1.696073482219168094e-01 -1.082375493894123936e-01 2.628439056339497149e-01 -3.282260915267135731e-02 6.039320001833015789e-02 2.839318514629709522e-01 -3.051914498003913470e-02
-1.286579889519657571e-01 -9.327449180474030321e-02 1.139123713313743708e-01 1.836070485260027085e-01 -7.643845717847962129e-02 1.995858824109831009e-01 1.101876763374679546e-01
-6.059342861687470189e-02 -2.652238301841579049e-01 1.720224724943949790e-01 -7.626544350005079465e-02 2.570974689130782198e-01 -2.825588537672110712e-02 -1.544378080518482577e-01
8.857687183730092451e-02 -9.633580072839510733e-02 -9.855678761122185771e-02 -1.298255240714920322e-01 2.290177898770365261e-01 4.111776589842194157e-02 -2.182528588659999880e-01
-2.375833684438154181e-01 -7.934801519509650236e-02 1.050240325612579878e-01 -1.369182865457780618e-01 1.180802513946616894e-01 2.572860751071330832e-01 1.023881913255122664e-02
1.645762094897568195e-01 -7.441659222312807520e-02 2.306881822920377190e-01 -6.553375767925911921e-02 7.180783568473067535e-02 8.262385787604520360e-02 -1.657690757533103465e-01
