1.249322935039646643e+00 1.808825403258227382e+00 7.652276506100538778e-02 5.577665705315538736e-01 5.412081140478314234e-01 1.336414774653852944e-01 5.814592761062136184e-01 2.194601041861632962e-01 7.697802737114092242e-01 6.649644479851340995e-01 5.267727518170467471e-02 1.233945794491087822e-01 3.982279062600234121e-01
7.243555928149782996e-01 4.418274022876934382e+00 3.296078874802012004e-01 2.795927448007573535e-01 1.426863427211640112e-02 2.455045794363578615e+00 2.496858912839887701e+00 2.536005422389635111e+00 2.038812056538495732e+00 1.820878419296431350e+00 2.480702546945672715e+00 1.817809268719513316e+00 2.819354772501876383e-01
2.274251453954548197e+00 4.778520392382972215e-01 1.280249160731625202e-01 4.411298144420705558e-01 4.576200004732557947e-01 3.299336002097802201e+00 2.863315747070624973e+00 3.220954851691457232e+00 2.896261778232434025e-02 2.518838037718647449e+00 5.938307675896050686e-01 1.273869619007101051e+00 5.386322670401347823e-01
4.150533495907552384e-01 1.059176383437568703e+00 1.067118466934016685e-01 1.318585819893665967e+00 9.727263265016042881e-01 3.346322843141703030e-01 6.403119405625314897e-01 7.432502143592918387e-01 8.652024872457972915e-01 4.897967808743394769e-01 3.719368745566256074e-01 3.771334943113736626e-01 2.794810493967254672e-01
1.964702822063806753e+00 7.487772447094357409e-01 1.718030440346340004e+00 1.244150358289826563e+00 5.398099123138501154e-01 8.505623998456235402e-01 3.115375801593422089e+00 2.307276409196545419e+00 1.328470303442051526e+00 2.598169177202539704e+00 1.373461707450366553e+00 2.913331608539910800e-01 2.666662743918186251e+00
8.463980014256038409e-01 3.323752678811117356e+00 2.610128978337202810e-01 3.390326191420304780e-01 6.436242489771611952e-01 2.121242945599029373e+00 1.185052011435475450e+00 9.797134933717329686e-01 1.653028371013427478e+00 4.664563301377063764e-01 1.463781339905262158e+00 6.671526537640799503e-01 8.300608065728587448e-02
9.695732138621626639e-01 1.675227180156992679e+00 2.822941782565371871e-01 9.615231098443350888e-01 6.184452806554072701e-01 1.983270961385061870e+00 5.819761168167869592e-01 1.140804053801517171e+00 6.479086204914581426e-01 7.227809230398276608e-01 4.689595284706959966e-01 9.786606397568902160e-01 2.587030762304651788e-01
4.132525878726963087e-01 1.283674312797554951e+00 5.771850267350665531e-01 1.276216678789571901e+00 1.047869163472715304e+00 8.369453454785655833e-01 6.414560019631013743e-01 6.131007542501597518e-01 7.769952321711321996e-01 6.240227218313985080e-01 6.389280227171488802e-01 7.250803622580399566e-01 1.114747182820595039e+00
1.387683422814824930e+00 2.603726131401486565e+00 2.629513361618566858e+00 1.321814898004746164e+00 1.820479285226347832e+00 1.653913509672127136e+00 3.342541698225090840e+00 2.302170012673911081e+00 2.887451703012633875e+00 2.728217770688859289e+00 2.443337479039419780e+00 5.037820205335422630e-01 4.655720033326334217e+00
4.961692971679826369e-01 2.699899394231268346e+00 1.192652621942555058e+00 1.246442586649386453e+00 1.636498996136824369e+00 4.013708881631586678e+00 3.885109832263573537e+00 3.149797596071503225e+00 3.950292306074347781e+00 2.686250436346379278e+00 3.526266682366969718e+00 1.671607978016214080e+00 2.551388384658666020e+00
2.622917787623412877e+00 3.663042032952189775e+00 1.715571659755161349e+00 2.183335155018339080e+00 1.520045356739793574e+00 1.799573628789739255e+00 2.621917421882670407e+00 2.196951675383580493e+00 2.834930181450092679e+00 2.612738094013830725e+00 2.174480753859187487e+00 1.871934187031970787e+00 2.848310381815686299e+00
3.330623316284847535e-01 1.913785716316806496e-01 2.411834920849375008e-01 6.591788289472740869e-01 3.249311677657292230e-01 8.475670502279567531e-01 4.491378707022292138e-02 1.132624410244926771e+00 2.647890279002571567e+00 3.002041241986237452e-01 1.080072114962520313e+00 6.891377146341388649e-01 2.098308715326002161e-01
1.883345615510855220e+00 2.673449913942441025e+00 7.479680407768785066e-01 1.938080648113255977e+00 1.557923730635018211e+00 2.977870121269929005e+00 2.333437163936580294e+00 2.156921724818509745e+00 2.170815619214459424e+00 2.147268316519452380e+00 1.502468502809300999e+00 1.724980640364828233e+00 2.195824367913114195e+00
1.141023435931005636e+00 9.714914040590002520e-01 6.424474851331621883e-01 8.264376050863373457e-01 1.235805220281868344e+00 3.772026917893082087e-01 2.669398918096561601e-01 7.460063443990750942e-01 7.482885487281849546e-01 4.511166465151875693e-01 3.255514278129351124e-01 5.632511361236156588e-01 1.555067281649065825e+00
2.784940265230185119e+00 1.085639326064367527e+00 2.172183490772392034e+00 2.297243071386587232e+00 1.728473594951136727e+00 3.712767934374508805e+00 4.163095104376457911e+00 4.274173693085819181e+00 2.076016783813439570e+00 3.750578588609652542e+00 2.698855072254626286e+00 2.723482388970428048e+00 3.048573422364016849e+00
1.649012049842046634e+00 1.628466719481234115e+00 1.987646845892429237e+00 6.355858129658564781e-02 4.428941565307989991e-01 2.470375904503320896e+00 4.024008584466237437e+00 3.513994559287429098e+00 2.161308110520361758e+00 3.176982924512067541e+00 2.689748779749855601e+00 1.090841627379745882e+00 2.662234852997428902e+00
5.930796972297607272e-01 1.032144914631752286e+00 3.035758473824282655e-01 2.146206658890564167e+00 1.578181703015033577e+00 1.926930354440955728e+00 9.431528802885029705e-01 1.019885038485482287e+00 1.627266175181779406e+00 8.734920951562226143e-01 1.220757270363363789e+00 1.615508023438503304e+00 9.222463557003687251e-01
8.051340208066376514e-01 3.517558925679289406e-01 7.747946244709724706e-01 2.561227805204659980e+00 2.353999111819483403e+00 4.184512279655626443e+00 3.056240640437906997e+00 2.600249665131481702e+00 3.938998188878900297e+00 2.278969434646808789e+00 3.066507519257080094e+00 2.299073311180395152e+00 2.338508415785162775e+00
8.744859417020311998e-01 2.735218877488978073e+00 2.781118704623704030e-01 1.515623284287496819e+00 9.423184080896752635e-01 1.157448360779736118e+00 1.687674732723780657e-01 4.954694954186862343e-01 3.962334672786040068e-04 2.776382215146487864e-01 6.792669061796015040e-01 1.420957984756112680e+00 1.054704104725857183e+00
6.964517367949764060e-01 2.560068457925336549e+00 1.268981887847194789e+00 2.413384552186058407e+00 2.471704122644260426e+00 3.131511299059007492e+00 2.348433156729127891e+00 2.256984091939197690e+00 2.264647770240928892e+00 1.484723488496935806e+00 2.644323523378865559e+00 1.763983676084478924e+00 2.093403643584947016e+00
1.544244970729682920e-01 2.102939585443766468e+00 1.361029205504054929e+00 1.514192011790862047e+00 1.300597193162100762e-01 5.705186195871736476e-01 1.910649270296167934e+00 8.917679158769565850e-01 1.202659529495890278e-01 1.270729540340021835e+00 1.299894809106250104e-01 1.950740786831020035e+00 3.591865107033807458e+00
9.082283033011561146e-01 1.262913742978051035e+00 1.321552062937765726e+00 2.922203743248916741e-01 5.903929970255679116e-01 9.032301587288420475e-01 2.391369733348414073e-02 1.294146799367352774e-01 1.620577576128195751e+00 1.141769077308705249e-01 8.161769793913304927e-01 1.428514872987352469e+00 2.128892705690451415e+00
3.327860782781476345e+00 1.047731591406233065e+00 1.553605387532258408e+00 3.860777840165726671e-01 7.279778009880838452e-01 6.280808185878860250e+00 6.177132356320498729e+00 6.095456344808823701e+00 2.184078818126114374e+00 5.055382299973888216e+00 2.809739809117543174e+00 2.382540042260238966e+00 3.218550848119861474e+00
1.067236961361781145e+00 2.653181038993467578e+00 2.749265771504002753e+00 1.675730100758610508e+00 3.145444874741523567e+00 7.551542275841402585e+00 7.590054103840700783e+00 6.051286095207290217e+00 6.137969218373038771e+00 5.309352538975260494e+00 5.498612236706310163e+00 1.960011392541754383e+00 6.441110542676007356e+00
2.839191383477310371e+00 1.118615159493513866e+00 1.337396291609322496e+00 8.321399419692987465e-02 1.571420174203239428e+00 1.516309653399640300e+00 6.422432375192966836e-01 2.183843899352749141e+00 6.211567587651640743e+00 5.933135929467049374e-01 3.364157898340654818e+00 2.089256868313197124e+00 3.569040266967741459e+00
2.339010242893662550e+00 2.600032070478277557e+00 2.294884745456990949e-01 2.304719403167843073e-01 9.855275037111249636e-01 2.488823965486719914e+00 2.252914078291862410e+00 3.577600744566477697e+00 1.838648958195760130e+00 2.258752591810228694e+00 2.668013587728897962e-01 2.105680635721332905e+00 1.208408847368626526e+00
8.871485907430448625e-03 4.042784889505032786e-01 3.444416316886615426e-01 1.272238254465918095e+00 1.482416244133204497e+00 2.828232049517786173e+00 1.719749592751408152e+00 1.593048926018558742e+00 1.438477103457771467e+00 1.159513499920419966e+00 1.230564945492394369e+00 9.670915596342848364e-01 1.547609849700088080e+00
5.003787737765656718e-02 7.678801586164618609e-01 1.548823038804131080e+00 3.688849030835174236e+00 3.175228302406285064e+00 3.361460327791916836e+00 2.451612141160997016e+00 2.416157523825811282e+00 3.022169479329344988e+00 1.835118894764740771e+00 3.081479335996731628e+00 2.626877124122326101e+00 2.505394074202152321e+00
8.728359859140570887e-01 1.607708115059840459e-01 4.558420984867075365e-01 2.258478513520751019e+00 2.629530248524682090e+00 2.848293048078423428e+00 1.605934726781446553e+00 6.873501998787506784e-01 3.905853518249284839e+00 7.901259206022376302e-01 2.386152506332687828e+00 8.931961825961930446e-01 2.574049929502067791e+00
1.033432434804292477e+00 1.537637182195332741e+00 8.243679183000116595e-01 3.016911170784344787e+00 4.062468630536772984e+00 4.971961754139414325e+00 3.061463022270888956e+00 1.389626616369617595e+00 5.968213171350161161e+00 1.663397160732978053e+00 3.366369283157764070e+00 8.394634333345869504e-01 4.995243469861834207e+00
1.869331796238693499e+00 1.822474918199316063e-01 1.256741904705113821e+00 3.623037450530825154e+00 4.220946387939112476e+00 2.715069763648597423e+00 2.113914871690564468e+00 7.148322231330439536e-02 7.919206610670839197e+00 7.997016033435633275e-01 4.783653399099585535e+00 9.734469753336588704e-01 4.438366566806367430e+00
3.650310303202787543e-02 1.055468776443526435e+00 1.534390800940363508e+00 2.667064847366672264e+00 2.972428419815978273e+00 2.806559343004851215e+00 2.704167191767264722e+00 1.414469161593640445e+00 5.083454660137283199e+00 1.806244401993504001e+00 3.448158049422616944e+00 1.219495810206558284e+00 3.918694497959600120e+00
9.669676044331811937e-01 4.688378604895409030e-01 6.290978049642506065e-01 2.201532764215057725e+00 1.969712088199118138e+00 1.829270653182716311e-01 6.948285978427970466e-02 5.712624396475221022e-01 2.455161587875330120e+00 2.522704193354722291e-01 1.594370002546899201e+00 6.920657509852530254e-01 1.280234156623273334e+00
5.625466192588854941e-01 1.962127301179322103e+00 7.962890857279361079e-01 2.558184718873798502e+00 2.190835370660141557e+00 2.918527873933394190e-01 1.696123010846326273e-01 3.704641790787829847e-01 1.515950078781509447e+00 1.304625101802858456e-01 9.689534996133182254e-01 7.931385531584284054e-01 1.595992423946116734e+00
5.911998327425210809e-01 7.494231666623586419e-01 1.178345252308540481e+00 3.304033840041558645e-01 2.093009655959167936e-01 2.430940131083179079e+00 1.214002885461721859e-01 1.591786085972078713e+00 3.620462394216789725e+00 1.859189730688191600e-01 1.921944477454177846e+00 1.229952179724234096e+00 1.856182934801124729e+00
1.527638182787683707e+00 1.503111432787517465e+00 1.003568318108642998e+00 2.026625226829729121e-01 9.963819992970697481e-02 5.444141727776993234e-01 2.235784463867532157e+00 8.635474102650876338e-01 3.861303712878156436e+00 1.797288871578840430e+00 2.259310340971342423e+00 8.453485887845937907e-02 2.245529550724940204e+00
3.668438146503844033e-01 2.026590075325928719e+00 1.128075264105523390e+00 9.896343912463754222e-01 9.353125037653087226e-01 3.368556499084427003e+00 4.085721588406300953e+00 2.178863460734154600e+00 4.497144703058788551e+00 2.380189622001528171e+00 3.019575449718578053e+00 7.833688148441109167e-01 4.033851174474912149e+00
4.799208007639792495e-01 3.042935214942612099e+00 2.025709542762123672e+00 5.964087457951361415e-01 1.362024020256047852e+00 4.855605811568801222e+00 6.177797593212225102e+00 3.943740985653497511e+00 6.281451853478762892e+00 4.014620501554983178e+00 4.801051923297690038e+00 1.104627534261173327e-01 5.266009499121868664e+00
6.683812202159642446e-01 7.549480412352307379e-01 6.868821512331534374e-01 3.206886955131604822e-04 1.227989641422923439e+00 1.599708275041951566e+00 1.693243305052623882e+00 4.318479169340213586e-01 2.583532599306122890e+00 8.328705340263244938e-01 1.284539406190041699e+00 8.735356505124840520e-01 3.045380182015908765e+00
1.093356061998934647e-01 1.253798731483618756e+00 1.025179041461389051e+00 3.912134197730294805e-01 1.402244883820228827e+00 1.916025633742326928e+00 2.096150192469229179e+00 1.027802896333988469e+00 2.386523596938771252e+00 1.317768722294247130e+00 1.389714024468444054e+00 4.215689641392172948e-01 3.319009253652063229e+00
3.154056497807607329e+00 6.456842126064818110e+00 6.054365711034788156e-01 3.337467666329998472e+00 6.172687011083866082e-02 3.553660399888475041e+00 3.408156795552824025e+00 5.191175010539417212e-01 5.824524612125235201e+00 7.931675605216019775e-01 3.078515192240486975e+00 2.776871279260117564e+00 2.960514441654415130e+00
9.539880262983169157e-01 1.877145879959148722e+00 7.647369288276515409e-01 9.481599839122387685e-01 2.390312200834783796e-01 2.586952326992737916e+00 1.330494214585708157e+00 6.549900761342064559e-01 1.434461007982372305e+00 4.052198547835847986e-01 5.323418415383823765e-01 6.680549732129000828e-01 8.746271079942165017e-01
1.200952801585453367e+00 2.851629058020532348e+00 2.255943129966630156e+00 3.983173745125606402e+00 3.897612176542534446e+00 3.638123084318546585e+00 2.823711025431959509e+00 2.828232731264558097e+00 2.701529011851993012e+00 1.801384903189235276e+00 3.543352730801627271e+00 2.474582014448771350e+00 3.249237794734907148e+00
5.137320830679272810e-01 2.068398567472220950e+00 1.451700891090254908e+00 3.587903490054459077e+00 2.883662175496478408e+00 2.789582911160807921e+00 1.584669606535626052e+00 2.376985598538253086e+00 6.103499845696432891e-01 1.201639221366920918e+00 2.015280116257775145e+00 2.639485693430866142e+00 1.380732600961656065e+00
1.766699747618912575e+00 3.800435446174740495e+00 2.780476970266139158e+00 3.302316275964068737e+00 1.336170301781209657e+00 2.639557956394269045e+00 7.507223967417282484e-01 7.562276057444665689e-01 2.897226992207470708e+00 5.701977771052563204e-01 3.072353481449326407e-01 2.027305944257599357e+00 7.320665775040509082e-01
3.795323052686337295e+00 2.062026787080832868e-01 4.518451166047984913e+00 4.588548060091410363e+00 4.216930531497515844e+00 7.739482354532155384e+00 8.691486505702966880e+00 8.076893790879932311e+00 6.213312169316969502e+00 7.146570372438864283e+00 6.747015198500718292e+00 4.859270743822104777e+00 6.997829418718347405e+00
1.263830320903619908e+00 8.476451133290398010e-01 1.400240089987903502e+00 2.064285045974387778e+00 1.477453032726558702e+00 1.799813446815232254e+00 1.863798727671744482e+00 2.172002772612903421e+00 7.974579956346257159e-01 1.786981899615156744e+00 1.426245551600219930e+00 1.821323401066647474e+00 1.663708991608244370e+00
1.775187057673214941e+00 3.319814559382961994e-01 1.922868473218502849e+00 2.777349836249925374e+00 1.974652755556722594e+00 2.871651270649699050e+00 2.911976900073614871e+00 3.376819930200483544e+00 1.237280972971502635e+00 2.689948829129203745e+00 2.238257769670752406e+00 2.717347404146364553e+00 2.171848587470365910e+00
5.036529564563363870e+00 2.054398913584231767e+00 6.375942909633882216e+00 4.258417400384876039e+00 3.888949383343030863e+00 8.115432383589929799e+00 1.096992909259381221e+01 1.060055016188586130e+01 5.690798197432421546e+00 9.151669208557663637e+00 7.911988097389785146e+00 5.544579015179156301e+00 8.118421879789741169e+00
4.272072067409697915e+00 3.997050302656209642e+00 4.936546691819738264e+00 2.092397019058810592e+00 2.847952706985937166e+00 9.295769771888085842e+00 1.140898919154167324e+01 1.024575738228581123e+01 6.890962910301274391e+00 8.917450604772282574e+00 7.858457460438455833e+00 4.248003190547695596e+00 7.694442279071572521e+00
1.216178826149225678e+00 2.534702162283063664e+00 2.693412337000044232e+00 2.302258602688322942e+00 2.449635534375980583e+00 4.871541960162748097e+00 5.141193048133070320e+00 5.117126252452074198e+00 2.417099551221127740e+00 3.962842518678274750e+00 3.690422633144815556e+00 2.606730871994360044e+00 3.820815494508678078e+00
1.175923153335689975e+00 1.045609888568049595e+00 2.046031820375735943e+00 7.521025368887536144e-01 1.339167885443887318e+00 3.455530421302973387e+00 4.151809691396237234e+00 3.738375521817447034e+00 1.906050257337814635e+00 3.172424279987248408e+00 2.485031473768585908e+00 1.136545596776968647e+00 3.447949971782462431e+00
1.478937092730846059e+00 5.396719456685048044e+00 9.472891675810118928e-01 2.188593406565533250e+00 2.156139591098070962e+00 3.701836634457339237e+00 1.841209558686295766e+00 3.091462674537163835e+00 1.323101194935054847e+00 1.052660730971957781e+00 1.221288760257476236e+00 2.065053392503519269e+00 5.569017247145451321e-01
1.080309187855308162e+00 4.442218395592865576e+00 8.915941569301795155e-01 6.431632785858469870e-01 1.685724183430715062e+00 4.421275559688760737e+00 3.249056312941491775e+00 3.179722061930294164e+00 1.050346971535643714e+00 1.872694596212670870e+00 1.957687115146562018e+00 8.305701118469230870e-01 2.223567788106235010e+00
1.133104409636732646e-01 2.222107490075634129e+00 7.448116844775044543e-01 1.054747992023078229e+00 1.116214179001081552e+00 2.595412252808644293e+00 2.130519997730516479e+00 2.203059136993144040e+00 1.196156250207507377e+00 1.502159991545030771e+00 1.709458786084264714e+00 1.314005985298715595e+00 1.135175801405463591e+00
1.311548847489830028e+00 1.178645563120613859e+00 1.183543489728822173e+00 9.824149896959095685e-01 1.268021467019029291e+00 3.878364420857731254e+00 3.900957942211847218e+00 3.295093252112756943e+00 3.307949331114500957e+00 2.940512807378913962e+00 2.934049946095874439e+00 1.593012885313720428e+00 2.602354499871562865e+00
5.298089227076334673e-01 2.209897741261140247e+00 5.425096182157290725e-01 1.794548162355575904e+00 1.007023457937017863e+00 1.993183860163590504e+00 1.913551600989840340e+00 1.379702972502964586e+00 1.258681339157981860e+00 1.201540176686764827e+00 7.519165684527069349e-01 2.921960276860642303e-01 1.346598488627082368e-01
5.598596428140208969e-01 1.484217288717821548e+00 2.296019018009010371e-01 1.092380910881629585e+00 1.755454919286425219e-01 2.981455078157721150e+00 2.572698924012107202e+00 1.843355139169517098e+00 2.057034598030166528e+00 1.667296232539696499e+00 1.249914861957970302e+00 3.514884740987811451e-02 1.232245263768557475e+00
1.332640849988657727e+00 1.328124498529732911e+00 1.863523608499514927e-02 6.940785172708204831e-01 8.365463685360414736e-01 5.413528107532651346e-01 4.623387805122904370e-01 6.056832912761221654e-02 1.366626740028473286e+00 5.871898958235939325e-01 4.798421941856501061e-01 6.900642595542583191e-02 4.423526308478718805e-02
8.485718667757295997e-01 1.042718218008604536e+00 1.436160267562092585e+00 1.628021034276994072e+00 2.136063495480660102e+00 5.296653864427251612e+00 4.136046216026763034e+00 4.281892494820128015e+00 1.084346004881491465e+00 3.106611086174582592e+00 1.932095318609166945e+00 1.754602576536702818e+00 3.270825226525294838e+00
4.909022298002379547e-01 2.029799367305354707e+00 6.220548316704430647e-01 1.560213078984093449e-01 4.711371947359184187e-01 1.058927561228554026e+00 1.562145749146677476e+00 8.395822849405791821e-01 2.056355504106783805e+00 8.283842266812899702e-01 1.683697117527649834e+00 5.773646801866172407e-02 1.319209379399469251e+00
1.212258818352316969e-01 8.227455281703460743e-01 1.385083963495530535e+00 1.905397734360317230e+00 2.318480509663398692e+00 3.119898041766540508e+00 2.442339777799166001e+00 2.218051149993796933e+00 1.391481916403491059e+00 1.780813231092363003e+00 1.484237774849308078e+00 9.526369601922596297e-01 3.231812532459018783e+00
1.527306139432754950e+00 1.952761028296236212e+00 9.894169316268817127e-01 4.821286803111979324e-01 2.580790447113369135e-01 2.413509379028587531e+00 2.869816419828204790e+00 2.938962248495250673e+00 1.413367243848193233e+00 2.376946918178390877e+00 2.027448947107185706e+00 1.666336395176552854e+00 9.111295180303852215e-01
7.623609822691936877e-01 1.031660926321231297e+00 4.453631866697224106e-01 1.099337033384007567e+00 1.365268978712747883e+00 3.896547281753628855e+00 2.191070242439112636e+00 1.517962386213110637e+00 3.288338505293941783e+00 1.535553959115603995e+00 1.605346487427353308e+00 1.061946311723344527e+00 1.703310164047936892e+00
1.624438215657433293e+00 1.201789994146506224e+00 1.974567980332267325e+00 4.433090669956790464e+00 3.906304823272364057e+00 6.970979538034641543e+00 5.425107924546849425e+00 5.288466910330650528e+00 4.906340484239918531e+00 4.235436327606388218e+00 4.803067266477302866e+00 4.210111427416498131e+00 3.926865812926505939e+00
7.657054226934649765e-01 5.028710993218214576e+00 2.377241560529188558e+00 2.728118079207430657e+00 3.695913409127955074e+00 8.682877835465280469e+00 7.901074032162491712e+00 6.499822257401377534e+00 7.591139184984132982e+00 5.413653177094814417e+00 6.807328085780271820e+00 3.281613541433299197e+00 5.570515670526457797e+00
4.665230656531950681e-01 2.201002400747559484e+00 3.020265588177803440e-01 1.241088226862894217e+00 8.044738221250826715e-01 1.804509310578985115e+00 1.410154081957970762e+00 1.679861714846809129e+00 7.909423168086449074e-01 9.974450640750170960e-01 9.228927725927853210e-02 8.764365589444494953e-02 2.915770600832874315e-01
5.085109169529079542e-01 2.546932230984796597e+00 1.362588050057071509e+00 3.446491035992726992e+00 2.572416789309694529e+00 1.037377712362348658e+00 6.767777688598487495e-01 7.948716566867165545e-01 1.606037355550500312e+00 8.321015336559249853e-01 1.489815188296251591e+00 1.874623988314899403e+00 1.967849995634752602e+00
1.182963882007130207e+00 2.832942801536265431e+00 4.674542254446132361e-01 3.190868351850448370e+00 1.110182501078611494e+00 1.114695566052215092e+00 1.636784535789964412e+00 1.506213890669731992e-01 1.798769589588824269e+00 4.053488821271545861e-01 6.047245005046779642e-01 2.330690174359692612e+00 1.266629440038113064e+00
5.850979201811461472e-01 5.276841534225449770e+00 4.285810854457643426e-01 4.367767473443154636e+00 1.234512864036928281e+00 3.239408790463059518e+00 5.054510391020611948e+00 2.214376461176027711e+00 5.476127575553000781e+00 2.651481156678004325e+00 3.361180918078499946e+00 2.436241849299603857e+00 3.469342161238886391e+00
1.930390853587839128e+00 2.437396083657048074e+00 7.555442921873599671e-01 7.977418417447257326e-03 5.753224251437280001e-01 1.087089289715265972e+00 2.379985741255862819e-01 7.440048032543330470e-01 7.305631469286584245e-01 6.897181846897508795e-01 8.925861375737986769e-01 7.727546574914025967e-01 6.993626190526018860e-01
7.850784380114133043e-01 6.562947169390870306e-01 3.501008419934258931e-01 3.413779464603354241e-01 5.051706554448950337e-01 2.695188692497763938e+00 1.421608522997674040e+00 1.436971439691213215e+00 6.408419539623680938e-01 1.117922982572099544e+00 2.607571265094260626e-01 6.582723425393574024e-01 7.727285795068650209e-01
2.357058251110749847e+00 3.932800482151870725e+00 8.008858954818428577e-01 2.374315059673210992e-01 5.069670375317831823e-01 6.126907298222453946e+00 5.763976439244339112e+00 5.364325922453208051e+00 3.833073909204259611e+00 4.378975153912827878e+00 3.816586420169477467e+00 2.574673187963366416e+00 1.917618740077320805e+00
2.846462701170572096e+00 3.495753706697235508e+00 1.262339805468353005e+00 5.227477262302704375e-02 4.430015011701281535e-01 6.199932456995139951e+00 6.423174028440738148e+00 5.825750273317730432e+00 4.169066657578745172e+00 4.959290015961594911e+00 4.134424947082902868e+00 2.517289931593246877e+00 2.606031888104315186e+00
5.009131992434786573e-01 1.090279831268589739e+00 5.119795769443418187e-01 5.639015238617021974e-02 2.033058883373754511e-01 9.617459044253838796e-01 3.027439065973041021e-01 1.132888199222026326e-02 1.184238772659698569e+00 4.078643903248091451e-02 5.518838880331845553e-01 2.426059577682140866e-02 4.303369075660296028e-02
8.096040172235121624e-01 4.286183567540102768e-02 4.602181995132064163e-01 1.545559569234940867e+00 8.040061557282158766e-01 1.021297716768165387e+00 7.324767476492568541e-01 1.115756550752678988e+00 6.059303843257971556e-01 8.262084977414068110e-01 9.414981286656931569e-01 1.572762103344025775e+00 1.293497993476394603e-01
2.849015975256217637e+00 2.411917153474147923e+00 3.108594539420965752e+00 2.469441995204220142e+00 2.470588110626139589e+00 4.209871352572557512e+00 5.240103648411833959e+00 4.761938464177672081e+00 3.021507129703310923e+00 4.500991770935918623e+00 3.287620648908369247e+00 2.283941157261257349e+00 5.204061580076396965e+00
1.937297097232690390e+00 3.173436463458550350e+00 1.719855745347114384e+00 2.129268289177368434e+00 1.749868163458425219e+00 2.072508616398144543e+00 2.416620224806118156e+00 2.282643410483333302e+00 1.592428559522005349e+00 2.326234638374310215e+00 1.531127482005937956e+00 1.557463114941543214e+00 2.962721528264966153e+00
1.058616986893387013e+00 9.403541313112954825e+00 5.513660120986598745e-01 5.246972001065196345e+00 4.544953748155346140e+00 6.541220102961364802e-02 2.469979999454972486e+00 2.485698450794834091e+00 5.608838250679524240e-01 1.625899024297886797e+00 1.069494420058542339e+00 4.760726332696276764e-01 3.206309038114738996e+00
1.688071524083848196e+00 3.641561041711843583e+00 4.529024891112800599e-01 9.277483357816402876e-01 1.249231521856624560e+00 2.776886316090329210e+00 2.474989769345553370e+00 1.384763601378674824e+00 3.601374460778276720e+00 2.025275059569946023e+00 1.631299812966728879e+00 5.807276218110788424e-01 2.986871013782082862e+00
1.986020679099156805e+00 2.576803627259719232e+00 2.121243511307565888e-01 6.829672361393881452e-01 2.058538872338702974e-01 3.509265082860223650e+00 3.163919101075902685e+00 2.336794260089924080e+00 1.939709159021805185e+00 2.515556056237633786e+00 7.323419903056780367e-01 3.804139320584731809e-02 2.769007332815666800e+00
1.768181767514852787e+00 1.073011054663362662e+00 4.333174205737269080e-01 1.806990848081880152e+00 1.439334796396690930e+00 2.074965633987080782e+00 2.147636240188942836e+00 2.063959545407055174e+00 2.638482546305926935e-01 1.767033475740941828e+00 2.598518543716971108e-01 1.902565749097372139e-01 1.521785739907486057e-01
1.140977669275129891e+00 2.543730312218346779e+00 1.062646951066791079e+00 2.125964100139275281e+00 1.107689605033248981e+00 3.809841925073164326e+00 3.145421805615106869e+00 2.212270379633256123e+00 2.884395335560825391e+00 2.053770745663464403e+00 1.514055316551009334e+00 2.922167081701365632e-02 4.011173143255911677e-01
2.985537748767477240e-01 5.064080303091773594e-01 7.941802323931851371e-01 1.292652121803967935e+00 1.106643312034008009e+00 1.547964777516866342e+00 1.323359270135825438e+00 1.455760374933901424e+00 7.534866691922155191e-01 1.061842061286433880e+00 1.150559659624418973e+00 1.125613233124021173e+00 1.066666815746716956e+00
7.711343735294403645e-01 9.131020972705847782e-01 1.828076330636305258e+00 2.979925861075081617e+00 2.720639016260766319e+00 3.622065572417842105e+00 3.568810364433792071e+00 2.966388454253683804e+00 4.432706050972584855e+00 2.692354177192282538e+00 3.959174341976219313e+00 2.500056284373306070e+00 3.123595390336849853e+00
1.272299717031986965e+00 1.779799970227114780e+00 9.820030456208812542e-01 1.636020379959938431e+00 2.115899684042582773e+00 1.840451591755004612e+00 1.599569362656641847e+00 7.888488432017988217e-01 3.193844512793509782e+00 7.106978862479446102e-01 2.526183309480549699e+00 6.085190755802141194e-01 2.253846581345772204e+00
2.193069415195796623e-01 9.239185979071934396e-02 1.726400449778780488e-01 2.222034156327269638e+00 9.209220593615222716e-01 2.288604090780957390e-01 8.893860275479515964e-01 1.049297207432711987e-01 6.191441138443697367e-01 3.546239805586762772e-01 4.620053269625983006e-02 1.859504676260070211e+00 1.304071929130051322e+00
7.899711829339456370e-02 7.853723597265915846e-01 6.079786582068951589e-02 1.589489439317950392e+00 6.626643476022746615e-01 4.303747792420449803e-01 3.879096506669925670e-01 3.964612821960473155e-01 4.420692326251923210e-01 1.057643008444725252e-01 2.585748688878499180e-01 1.507940417434602942e+00 1.026923856595569395e+00
2.610934777185254241e-01 4.735155891894242686e-01 6.262673195761849776e-01 1.358630723498829296e+00 1.014726700270964788e+00 1.047881272756999271e+00 9.857500861649833857e-01 9.356817987840607698e-01 1.447368951082604438e+00 7.941088258394557453e-01 1.419425391919557633e+00 1.157333854316765276e+00 7.365725224934895898e-01
4.990926006112694768e-01 1.220569080535623741e+00 3.033831435248492969e-01 6.494411569946323404e-01 2.219785790560661609e-01 6.783796264188637348e-01 8.009788768869843256e-01 9.159036442849777249e-01 9.038095217516453062e-01 7.038116176016862013e-01 1.109343009273381364e+00 1.074012103902700188e+00 1.581342075420515414e-01
