3.598661086364710604e-01 1.634708961149265449e-01 2.240909759774291077e-01 8.318719888461511003e-01 2.852536915156359543e-01 4.450744491479660669e-02 7.367537467675043805e-01 1.431722045564729928e+00 9.074370305460521813e-02
5.660712385115218570e-02 6.454411702313493926e-01 3.892109482939053455e-01 1.119889473807573310e+00 7.004328778053106053e-01 4.911215375989625986e-01 7.561020149216126640e-01 7.872922450987236420e-01 1.231429882517232954e+00
1.576810937052539163e+00 2.606700814973542890e+00 3.034869265879300837e+00 5.862088896948578487e-01 3.047188325193562086e+00 3.216899040064085113e+00 2.821140403687751874e+00 6.539323797646151570e-01 7.146270982584383979e-01
1.402557756085878460e-01 2.205196811860431705e+00 1.685586109388024223e+00 2.045138284773872162e+00 2.163774804452036182e+00 2.175608519083096049e+00 2.848691860076667748e+00 5.335093627798417337e-01 2.881736519504864535e+00
7.012770284571160362e-01 1.014188514591314760e+00 1.917725117494208043e+00 3.278680812915372167e-01 1.595969404260280999e+00 1.899999153206624047e+00 1.989840015733502554e+00 1.312314916322667724e+00 6.841642271369043904e-01
4.433385069334037087e-01 1.150295020221476561e+00 1.145269012053243607e+00 1.223401982292133816e-01 3.459843071058227304e-01 6.000983757702542665e-01 1.222629682780126847e+00 2.561791366640571610e+00 3.482113962389767892e-01
1.738678614374013609e+00 3.331318811983251305e+00 2.834753192187139614e+00 1.054411725092454066e+00 3.528760133596140491e+00 3.414884365976163849e+00 3.466895756556519270e+00 1.384081373169359086e-01 1.764836168215610623e+00
9.493933712213692422e-01 2.841817232865379683e+00 1.400350599672384844e+00 2.841018357075990153e+00 2.174036022950180502e+00 2.160603289384268599e+00 2.912351419938751906e+00 3.543688078172765321e-01 3.695686978880236229e+00
1.046431763319860764e+00 2.747123189104014873e+00 2.337301809338553138e+00 8.944874693066520166e-01 3.002119555147041652e+00 2.621660519943273204e+00 1.784517020349949190e+00 3.797331147947625163e-01 7.434633806231927267e-01
4.163653521889953524e+00 7.405057425885791744e+00 4.629003145437427413e+00 1.325353159088568988e+00 7.451130197207675998e+00 5.866490399076705664e+00 3.942868403110257436e+00 3.306554737077229245e+00 1.297588887574823602e+00
5.673232787319415493e-02 1.566216436571263859e+00 1.291117060363541125e+00 2.374007064069767026e+00 2.076734084844404471e+00 1.558667185232136987e+00 2.193958806765638148e+00 8.275298997259137312e-01 3.024318264248261556e+00
1.468830347797622116e+00 2.856946785658399435e+00 3.686942081967161666e+00 1.520532714021591403e+00 3.731327577136130280e+00 3.721936502822747794e+00 3.308251071276690602e+00 2.007018533042742026e-01 1.511312084314540449e+00
5.026216088832460294e-01 1.040832545491455763e+00 8.799681658789307859e-01 4.813842805038452966e-01 9.681513753070785100e-01 1.008391742060384066e+00 3.427287007130204177e-01 6.247353441921106310e-01 6.321584884799760218e-01
8.773395453238014285e-01 1.145361126579721445e-01 1.004977257928445500e+00 5.638041254331640495e-01 5.598836533773445812e-01 8.192110860315283682e-01 6.360071494570871398e-01 6.416017970656155978e-01 6.287415979531287835e-01
2.103864476553259255e+00 1.583128406606231886e+00 1.504160870544820838e+00 1.278537497032287806e+00 1.559355980085450399e+00 1.439651008454023717e+00 1.738170046744685338e-01 1.105982280773093684e+00 2.385504371904536569e+00
8.450829690013788031e-01 1.367182004730204570e+00 7.300191650198932791e-01 2.930596993085176072e-01 1.181093813137152448e+00 8.350097487930085993e-01 9.942267187663982042e-02 1.613603637635343313e+00 3.200763635905716775e-01
5.681528819782807327e-01 5.143372823900996815e-01 8.474146638968327316e-02 2.046154157088759806e-01 3.982009645824827193e-02 5.272100341862693273e-01 1.115402651114400623e+00 2.396173010478502174e+00 7.755586739764502857e-01
3.615003978113314975e+00 1.891991147968829390e+00 1.948555266921869089e+00 1.689213323502761765e-01 2.936796055016072327e+00 1.909982074875845592e+00 1.079335348381628590e+00 3.679935019903640026e+00 6.602721604353951612e-01
2.951533329563492680e-01 1.467343647970970277e+00 1.907353155417558455e+00 1.012529367128776059e-01 1.755659480608178891e+00 2.122615742069288824e+00 1.911658115061747321e+00 2.549350603677014604e+00 4.591139645470452280e-01
8.340741417811082803e-01 1.621353035544851329e+00 1.581174904943784876e+00 1.648931050265091347e+00 2.156842614732561447e+00 2.168312690370701290e+00 3.259014170618104611e+00 2.990764434870877508e+00 3.525987256038726425e+00
1.422312036487825448e+00 1.641884010578047892e+00 2.289499669508217594e-01 4.858314488454004709e-01 1.654225406498986750e+00 9.875084129719675641e-01 1.236585712375752433e+00 1.970319057685215869e-01 7.332678830519031576e-01
2.940150802267498253e+00 4.286459542048035587e+00 4.429173560193093273e+00 9.467793774092816417e-01 5.341744295178080471e+00 5.125950049370854522e+00 5.333397653885165290e+00 1.158795969995363828e+00 2.416651800600976951e+00
6.732317698331216071e-01 6.354736902499742435e-01 1.958127885304248750e+00 2.470197085416044880e-01 2.400657868901888703e-01 1.096944747438128198e+00 9.640190289609178453e-01 1.188713932979813315e+00 3.061969007477222782e+00
9.031556372640987540e-01 1.306395148849471388e+00 2.171699955554527772e+00 7.572707977215835662e-01 1.017817538582518333e+00 1.622148304963539678e+00 3.791838088833129339e-01 1.693500325991133426e+00 1.275181274002944454e+00
2.479040591199963117e+00 2.936764554884361278e-01 2.442406540338464271e+00 1.280229002840363783e+00 5.803487521935044580e-01 1.395577959215144714e+00 1.851216766999977392e-01 7.371549315091540100e-01 3.114005902625809785e+00
1.812338124471310152e+00 1.295382692125263135e-01 1.055844090066243579e+00 7.422716414283625497e-01 2.863880773481342068e-01 5.770427323726063928e-01 1.375318514627187072e-01 1.208030341448099954e+00 1.613387441771394260e+00
2.170041232608676207e+00 2.006000592349059808e+00 2.393872122017000947e+00 1.824824520653898219e-01 3.407123878829790620e+00 2.731053147931820302e+00 2.851911875706020005e+00 4.276565218500617549e-01 1.402270647628589106e+00
1.956435947791977936e+00 2.729701941475973115e+00 2.306672842934617496e+00 8.658355312942226378e-01 3.873717511878245201e+00 3.024542492685678763e+00 3.625538581283397122e+00 3.755315090835045222e-01 2.688839336302976335e+00
9.605269760005857860e-01 7.883077429493223764e-02 3.523615525882877186e-01 6.006149976005548119e-01 3.125030351255875249e-01 1.259079391980579277e-01 3.977249498655661131e-01 1.970626474303788900e+00 3.149443030262500942e-01
3.755520782226966947e+00 1.819060136664342631e+00 2.188374929888911247e+00 7.337683941855164260e-01 2.433236945644800642e+00 1.937213232636587179e+00 6.089993549582939369e-01 3.548129724788886552e+00 2.002883886406399139e+00
1.492022522386641459e+00 2.550322191306182429e-01 6.145793698778153624e-01 2.299292423538067176e+00 3.125319986885427004e-01 4.323742479466030630e-01 1.725918762369283321e+00 7.894970431287726687e-01 2.566816660179638721e+00
1.132090066018786256e+00 1.164577013060149158e+00 1.321052840435580800e+00 2.580945265520203868e+00 8.504983443893385786e-01 1.548283484624420447e+00 2.883823717341269077e+00 1.138150551029883051e+00 3.286261716821645695e+00
1.784744905831612716e+00 3.708199374384480995e-01 1.839087252276213058e-01 2.034726904279983373e+00 2.559780292904842436e-02 4.722113380070581123e-01 1.772420179514241356e+00 1.538837350069921950e+00 2.969261614664666205e+00
1.493466601672033711e+00 1.445665642886628355e+00 1.168083999867670864e+00 3.750681597385118193e-01 1.978614958296479820e+00 1.475984040138408560e+00 1.167400411342922162e+00 5.145211036475760835e-02 1.495873029107079311e-01
1.125597907227290362e+00 3.982865138845641084e+00 9.045393644706505309e-01 3.188746040384542457e-01 3.824989388047750349e+00 2.632224577132886267e+00 2.831252532851109560e+00 1.984721367735335695e+00 2.403126705508883632e+00
1.062829226970980923e+00 2.771517208750458927e+00 1.349623676750325130e+00 6.882733016819468919e-01 2.253926667875758127e+00 2.096508375763304954e+00 1.300985390937899666e+00 1.081588513401658957e+00 2.313772640287750093e-01
1.122473973103520706e+00 1.620710368593456241e-01 4.258465364432230116e-01 1.627437955487114785e+00 5.270119920109641587e-01 1.245666994000759475e-01 1.231043745981990956e+00 1.421767318374211886e-01 2.299574011740393775e+00
1.288396828301602515e+00 2.657692668372168554e-01 6.111608430671974235e-01 1.480175129096479525e+00 9.670648058621804655e-01 4.696784707042150897e-01 7.500965774692673893e-01 7.753281402396638988e-02 1.860192751186508620e+00
1.269005221280917306e+00 1.051766820506593314e+00 3.828210634927248224e-01 1.637302622823304077e+00 4.120327021730474382e-01 8.575675074525367370e-01 1.896264395288555615e+00 1.427677352797217081e+00 2.532872511301078600e+00
2.336805424959409461e+00 9.908222557743662229e-02 4.529948744864250587e-01 2.045305468666018367e+00 1.227626289961877948e+00 3.366225533753210986e-01 7.928107799821536572e-01 9.011759658102819204e-01 2.154977730054463692e+00
1.029064684471413527e-01 1.125312109596658505e+00 5.506606381110423776e-02 2.966076220703465882e+00 1.849713884525244767e-01 5.618349779889725282e-01 2.922805303933809107e+00 2.290467467320280726e+00 3.858979437764049170e+00
8.892849107338719472e-01 1.403650212675804809e+00 1.300288974011959198e+00 6.412463461222626115e-01 2.432379353011402845e+00 1.787268933128396187e+00 1.607147315342345228e+00 2.134275481701577437e+00 7.877444287321053729e-01
1.696873260485089574e+00 1.000877858676137988e-01 9.202702678478198450e-01 2.251546029755679079e+00 3.628496137870810268e-01 1.903098990791874945e-01 2.015400825377448690e+00 1.086161941033056078e+00 4.653520631684422426e+00
1.756894847282897132e+00 1.320493865210716544e+00 2.224546148699481751e+00 6.479545851629681108e-01 1.545068622707340023e+00 1.803495172655954271e+00 1.939024686204895986e-01 8.163813672115008968e-01 2.183946166215156914e+00
2.319346509724902194e+00 2.173728824568653017e+00 2.580138348317207786e+00 2.354724385069455028e+00 1.971124591115461566e+00 2.405467398256383671e+00 2.067739426035746231e-01 6.329864504035480621e-01 4.022555441826211720e+00
2.602797294504742176e+00 1.969563712527528043e+00 3.009103368901016928e+00 2.464498494904973747e+00 1.797695116447107999e+00 2.568294051537788114e+00 2.005411092807194429e-01 4.991090847129902031e-01 4.624749233047865005e+00
1.357898662647201160e+00 2.502590949322128777e-01 8.204444179610418386e-01 1.738586872853436827e+00 7.765408813398977372e-02 4.820659953310736934e-01 9.043985294535470398e-01 1.630823322963115274e-01 3.009856188911768982e+00
1.747519341863909004e-01 1.984652145192359995e+00 2.276447330838547778e+00 3.901957312562120972e-01 1.780837708283957710e+00 2.339747882584085836e+00 1.394730802268091985e+00 1.956836386938638039e+00 6.300262496679720492e-02
2.690712515985259845e+00 8.744114775538773809e-01 2.567673167488009334e+00 2.963408475443256584e+00 8.905175814909251919e-01 1.742974351612006201e+00 1.230905573804791153e+00 4.320234157833802158e-02 5.679753129794871569e+00
5.527602862827166175e-02 7.907182292048011707e-01 5.281994141187060787e-01 1.032010263220167090e+00 1.196808338255483051e+00 1.203750719759977272e-01 9.846549450594253017e-01 6.098416401957620359e-01 2.545335845962514831e+00
1.610156618324058542e+00 2.014210753192811065e+00 2.105520638224700036e+00 4.322256586991224392e-01 2.277352040710783676e+00 2.102063279102042159e+00 6.888306081212729470e-01 4.090066478283511664e-01 1.191098724636803219e+00
9.567313665124060895e-02 7.070902740727849078e-01 7.546019686191863807e-01 5.185965337544035103e-01 1.466734250624218416e-01 6.664487228583169109e-01 2.302404022084086344e-01 5.496222552109801818e-01 1.381778843407724278e+00
1.940169684263486793e+00 1.782020449642930382e+00 2.033611428894070539e+00 5.040106544231272023e-01 2.361364039313791352e+00 1.924660971448224123e+00 4.157701945993713677e-01 1.072029974279528952e+00 1.356318390343239866e+00
1.021110261028927546e+00 7.711821032858884317e-02 4.543353616905040915e-01 5.851424569384879870e-01 3.464047708990304342e-01 1.299571345171690595e-01 6.389435024411452835e-01 1.156232012594794689e+00 1.348053526313063744e+00
9.757072149655732218e-01 8.497008446606152399e-01 3.982209622779155911e-01 8.161316755018827029e-02 1.364550854700075977e+00 7.063564737164531593e-01 8.524355440102164838e-01 5.616512741630551586e-01 7.923194269799909151e-01
1.218267254830236457e+00 1.191849618138938194e+00 9.070649517627926706e-01 1.948854319956521142e+00 9.232837617037372713e-01 1.202316905811103176e+00 1.872042203893381718e+00 1.120906510983798121e+00 2.513523079821521122e+00
1.616856205891026521e+00 1.642636255752794039e-02 4.394529246599153671e-01 6.883113805676310815e-01 9.875346407965476248e-01 9.292563841488615806e-02 1.030172268202900865e+00 2.243869332857982624e+00 1.477054014682130934e+00
5.363727669211678512e-02 5.332156173329896109e-01 4.887877662708070559e-01 1.159589541786795630e+00 9.506168399651439005e-01 5.973952200344644359e-01 1.013958362625860143e+00 4.189116660603436904e-01 1.606039990005327711e+00
1.398068837850282797e+00 4.247522900070961338e-01 7.362674955392187748e-01 1.483787769768994735e+00 1.967581844098481580e-02 6.618583755392185575e-01 9.162345833972020959e-01 1.056657124814788018e+00 1.256723092912815476e+00
2.181407367742717707e+00 3.241027454724773715e+00 8.631667088817431832e-01 7.177016258326831544e-01 4.170483336597177626e+00 2.181583437929659919e+00 2.799343253738665993e+00 1.253838216809755934e+00 3.207835991893688288e+00
3.168332467805932584e+00 4.513754996456180724e-01 1.262641365124561599e-02 3.120430456575368883e+00 2.649427247469090529e-01 1.084119625490352345e-01 1.955229668746002458e+00 2.410422035669022911e+00 4.460795478516699220e+00
1.125644136295904207e+00 1.766410752755013025e+00 4.232303346115363074e-01 5.196927545124996328e-02 6.011795832296087383e-01 1.313548817221292797e-01 1.487361053558960311e+00 4.165766159468461183e+00 1.398854551330709794e+00
1.469117685691312181e+00 9.391154164133801441e-01 9.478954525402741860e-01 2.554485588475432056e+00 1.049273435116045539e+00 1.068475086240442629e+00 1.709234199433848467e+00 5.107766740024581864e-01 2.952105073677147029e+00
3.909751107875602649e+00 1.357805768179781936e+00 3.182274907226647631e+00 2.329784651365841563e-01 3.782131989291622087e+00 2.838161443859889665e+00 2.356505912200057118e+00 1.775667536661750701e+00 3.468817544798481756e-02
8.771277071703126316e-02 2.196075754465552698e+00 3.769095430597231289e-01 3.648645656526112724e-01 2.249206084244098403e+00 1.140265745080509596e+00 2.432726691934016028e+00 2.076077141525181080e+00 3.527761766789172970e+00
2.921695394866090645e-01 2.835758558344139701e-01 1.349550705305865295e-01 2.203091103875058465e+00 8.353038361509106391e-01 8.082503054501453121e-01 1.615114133389849105e+00 6.076262742522823501e+00 8.311158469218016265e-01
2.113752437243332505e-01 9.070770393813288868e-01 3.691446761295942292e-01 1.690141855410111527e+00 7.919704181200185045e-02 1.343015110193005457e-01 1.774857277681888057e+00 8.710198563817495021e-02 2.606378968712518063e+00
1.020970653935943773e+00 7.911184448089469967e-01 3.618642537320264640e-01 4.569984650139380378e+00 2.087650651515022382e+00 1.055471181932065905e+00 4.372943190424111393e+00 5.743102082956075272e-01 7.621267174600966143e+00
1.445657662140578337e+00 1.075747628547494505e+00 8.789167972249134486e-01 3.613899376613993741e-01 1.551937403746087574e+00 7.196556069384744125e-01 3.358877030048568191e-01 2.950007676977103532e+00 6.009263956411274865e-01
8.593384183596277648e-01 5.818218001244477300e-01 1.076610736609259655e+00 1.296419915218868235e-01 1.515582651438002637e+00 1.215307823221042804e+00 1.441277810670664072e+00 1.019787735141076679e+00 7.842965384998986655e-01
1.528880911143771337e+00 1.334675246994827980e+00 9.612036788489153327e-01 2.337406639960556642e+00 1.626656202329260115e+00 1.434585580798257709e+00 2.363295332204125909e+00 1.756723079324979730e+00 3.672758437376755225e+00
4.140709678610384747e-01 3.527000940295417775e-01 4.043435664392769358e-01 1.489300545301596723e-01 5.001559971112955472e-01 7.806920136884076822e-02 2.826644257627484724e-01 7.521429443757301492e-01 8.152627220697001853e-01
3.267553227825747975e-01 9.013715893400420232e-02 6.117220664554920972e-01 1.594133170467129101e+00 6.556147873721218655e-03 5.522918408416456204e-01 1.429427032949009968e-01 2.142391057944682320e+00 1.759459704380614165e+00
2.717446010079488383e-02 1.081202705436352662e-01 5.885471335773799773e-01 9.198650703395681028e-01 2.548308932857429876e-01 5.574259923405151529e-01 8.270454565915691392e-02 1.946580130925060770e+00 8.558335805790635575e-01
3.178410721674683748e-01 1.195508882639855885e+00 9.128865649849975394e-01 1.160224360581375569e+00 9.311325282186260210e-01 1.063261918050859567e+00 1.078077653754518250e+00 3.429112976786399813e-02 1.092909667964384601e+00
1.021649208129866260e+00 2.295274203218744535e+00 1.201696599353227812e+00 1.041555071916408615e+00 2.065886955358923416e+00 1.709073218642259917e+00 1.771909744115880869e+00 1.197068561423526356e+00 1.360386703100507022e+00
1.006263978769820211e-01 2.136782845349726401e+00 1.020775430368025871e+00 1.865971419484736771e+00 1.946251585686936014e+00 1.640681362965826784e+00 2.267244594283542192e+00 1.601920426570620504e-01 2.754383248971383757e+00
5.904461066066329922e-02 1.395605510142432504e+00 6.822980029745371322e-01 1.302711448593052879e+00 8.861843325498826029e-01 1.056882461736509349e+00 1.632390661767713746e+00 2.242341551685746448e-01 1.676383761939758132e+00
5.459081868545895944e+00 5.642409699518724508e+00 4.796846569848704611e+00 1.556630790065034242e+00 7.755080461320505769e+00 5.741202371636725310e+00 5.693740620660123319e+00 3.292761203021444594e+00 3.226387571309560443e+00
3.574462724781920286e+00 2.927004940937655286e-01 2.086646122677449089e-01 1.260126759142579322e+00 1.391643269946329475e+00 2.577397639753256642e-01 2.202868131576581900e-01 3.363236281867349575e+00 9.465733251745529486e-01
2.810861367556120261e+00 5.995127775112438773e-01 4.587930540827501180e-01 1.004878059741029617e+00 1.345683604812076384e+00 4.224108002034178688e-01 2.066351006009112812e-01 2.954998213152096209e+00 1.300972069082287907e+00
4.309707081083800517e+00 2.562635960059239659e-01 1.081348868688657983e-01 3.509042512817597270e+00 8.369076972901949851e-01 1.758382155176307360e-01 1.767194890013421560e+00 3.308671801301264814e+00 4.280374934357604744e+00
2.081366318430655671e+00 3.606572143582494228e+00 2.827120162406988157e+00 1.356092438036848424e+00 4.249956495068062168e+00 3.585666115035972545e+00 3.889438841163229021e+00 3.445661562572949199e-01 2.631396284790915807e+00
1.701795300575688508e+00 4.034580065485754430e-02 1.492010536509547070e-03 8.684875323730114616e-01 1.388540017413340821e-01 1.500441190477662945e-01 6.556922829903764072e-01 2.157426994487621652e+00 1.514601844417193366e+00
1.384817367018944978e+00 7.622790229380761451e-01 1.375553208751431278e+00 9.695633164107676505e-01 1.416046573413828780e+00 1.197185581063488824e+00 6.607145446106738040e-02 5.420799518678920403e-02 1.461187913195104437e+00
7.874906427818639809e-01 1.125956949171145860e+00 1.154400950741433673e+00 7.314548475088469282e-01 1.268610885102569696e+00 1.074325347226510186e+00 5.950364872256068693e-01 1.446161406353481116e+00 1.315393173459283860e-01
1.467357361809680683e+00 3.611362686837122027e+00 2.723040592020855577e+00 2.395050695133288610e+00 4.211554575927793920e+00 3.686550225576068929e+00 5.063988106861804006e+00 1.869511836818041339e-01 4.497866510267286344e+00
5.080030484610756347e-02 3.184360857424640701e-01 5.164812303026803386e-01 4.392687860841665293e-01 6.601194412181017324e-01 4.517225648447231734e-01 3.673891786969939455e-01 7.462543861360543263e-01 6.638134145979316392e-01
6.413045448693336370e-01 1.166650408230265556e+00 1.061872483106632847e+00 1.567187411860279100e-01 1.621605209040609230e+00 1.339488979410269121e+00 1.143221391057881897e+00 9.582372453936948142e-01 4.621028154414034139e-01
2.044559124811243578e+00 1.245435757528576604e+00 7.523124754001722092e-01 1.357923334600791065e+00 1.568466384871782138e+00 9.924309342317985116e-01 1.120399202021717250e-01 7.258348723577794370e-01 1.336934854401065520e+00
