2.595327760228368086e-01 3.912862962404399791e-01 3.780124463581798211e-01 3.390554986174443286e-01 1.572389284228737916e-01
2.813939070764162609e-01 6.239888969308409195e-01 2.186345925258269818e-01 3.104816609877397160e-01 8.518277316499771601e-01
1.918023854057777644e-01 1.147932652007922494e-01 1.352458301131253537e-01 5.767080255208045791e-01 6.236289179026388574e-02
1.744650424121585164e-01 6.159347281319271783e-02 1.039434824448718653e-01 6.651111488396163063e-01 6.218644125529815270e-02
8.009356148863638891e-03 1.226647224447281331e-01 2.931248928920687780e-02 4.130598849351841406e-01 1.101620216867708196e-01
1.701747973477582887e+00 1.901610987849612133e+00 1.916543306763516252e+00 4.593022553251669748e+00 1.844339303301315347e+00
1.414651918825549082e-01 2.361812812506959847e-01 2.434770450906836858e-02 1.193726995541009445e-01 2.612179962692592894e-01
1.660082889422595243e-01 3.218290162527636111e-01 5.596753802582260517e-02 1.514163593901139970e-01 4.691036892318288243e-01
1.508709054697894514e+00 1.394559434723461333e+00 1.609499948948623915e+00 5.151820906888789686e+00 1.660048040972139205e+00
2.176911024866431177e+00 2.413908051800444099e+00 2.385768804363567419e+00 6.090182786130056591e+00 2.696474225982134598e+00
3.575588770919012060e-01 1.106817851975321343e+00 3.595145918657413620e-01 1.255764054274949082e+00 1.483483558121029500e+00
6.305931301290572666e-01 1.199555992480076494e+00 6.419497801361933043e-01 1.969112157889554293e-01 1.606682121121667084e+00
1.351224111173725095e+00 1.996023535370974766e+00 1.528841414600802917e+00 2.096104109015572536e+00 2.096153311809338504e+00
3.316120208406794223e-01 5.970982586368560607e-01 3.081059460943611494e-01 1.298025791026947706e-01 7.666590997944693342e-01
5.232977822681906810e-01 5.686557486709005182e-01 6.397190469255097378e-01 1.292038617500651076e+00 2.000824243541781122e-01
6.011879485793847344e-01 8.617854382232632560e-01 6.604105558611884641e-01 8.981349375345497599e-01 7.926859873576059812e-01
3.522932618732536048e-01 3.140447354278586012e-01 7.052147359974080265e-01 3.433350828950453071e+00 1.026317095892209874e+00
4.876979166846443503e-01 1.379875655166278303e-01 9.022134205604549484e-01 3.760060612388919754e+00 9.032586579404133786e-01
3.051326952225868472e-01 1.844435472858237945e-01 3.816718621977111536e-01 1.198166886144728105e+00 1.328446498667072984e-01
3.875985957085640865e-01 1.545695801431796745e-01 5.383305552984307685e-01 1.891649209193403625e+00 2.566564839162239764e-01
3.949330236955235218e-01 1.715433122265141996e-02 4.974895729933238586e-01 2.309973255170481909e+00 4.085629887467721044e-01
2.417226149532329393e-01 6.498358036103168978e-01 2.989533491805272947e-01 3.947302285106982223e-01 9.164280179786679081e-01
1.107114440379283637e+00 1.834887628826827433e+00 1.360402907393129190e+00 1.516750681798595846e+00 2.284566655307974425e+00
9.206641614944284235e-01 1.352878276282846404e+00 1.161433734257191874e+00 1.873392358742520081e+00 1.673091670915410223e+00
2.332577520304558671e+00 3.517595231078995965e+00 2.738457253535941049e+00 3.973335779116157873e+00 4.228667279618612440e+00
1.837253925271935984e+00 2.700090698314460358e+00 2.159477027855771780e+00 3.372458541652337605e+00 3.253400992213547838e+00
1.302850007071335581e+00 2.354232760862826623e+00 1.548424339044684572e+00 8.448162236269567416e-01 2.665015486042596748e+00
1.408363912109814375e+00 2.230083631038798586e+00 1.657464360196864384e+00 1.992038053988735680e+00 2.596969707331115096e+00
4.501862774477655149e-01 4.956838734573957850e-01 5.572110897982500699e-01 1.288747571342165887e+00 4.202814360129679683e-01
8.322276363954475009e-01 7.033811319666927186e-01 1.129853972934121709e+00 3.136173626142440440e+00 3.449597789464479147e-01
2.809608136371057885e-01 1.988567892706027962e-01 2.730078687960115769e-01 2.068925331090713193e+00 6.955197052069768127e-01
4.496731188985428895e-01 8.908682024409730893e-02 5.223231089071620481e-01 2.365118001590808650e+00 3.203019115933949390e-01
3.163218534805489757e-01 2.693623270785971413e-01 4.088020337363256762e-01 1.109337629752582544e+00 8.550356622551180674e-02
5.435588658284975505e-01 5.130730720830914970e-01 6.370978852748301335e-01 1.737351331957520895e+00 3.625209314071410893e-01
6.283881973593550274e-01 7.311787130557791947e-01 8.449981559997539193e-01 1.985417507138608206e+00 8.786443753626914654e-01
1.232261660955209503e+00 1.246004239784140433e+00 1.556302926858843083e+00 3.990970993355754448e+00 1.068808455948352165e+00
5.931371387871240408e-01 8.298462503857253481e-01 7.078819910186900932e-01 1.223946009811059499e+00 9.704124240351901243e-01
5.928965437379531966e-01 9.547750144126351257e-01 6.426778162199545674e-01 7.764314847779878459e-01 1.234632763644518683e+00
1.969340974216787221e-01 5.163837029223944386e-02 1.635539067457001672e-01 9.309861927369947887e-01 4.760127183935847217e-02
4.962068992595449202e-01 6.146154708322807414e-01 5.532561671920797064e-01 1.127139274022937121e+00 6.054425377439882627e-01
6.520326707674660716e-01 8.389374577138838385e-01 7.412932048944752550e-01 1.510266744185796872e+00 9.695833475153845527e-01
6.957118755404815280e-01 8.662261848960302046e-01 8.221293537435483412e-01 1.664478255933990791e+00 8.689331823327857141e-01
3.734547103413687452e+00 4.135898270028148360e+00 4.569564212399939152e+00 1.020052856142527453e+01 3.111297681020121608e+00
3.535205345153165979e+00 3.664405494939561247e+00 4.183005622177202731e+00 1.042203317550863773e+01 2.915334427402191952e+00
1.046788329442993160e+00 1.433085598673262684e+00 1.211850392388432285e+00 1.635679845432585822e+00 9.530240131523186609e-01
6.568537007142818407e-01 1.049271712429311387e+00 7.535687874693931532e-01 5.306959452006037026e-01 7.929716600760838841e-01
1.742583067212534864e+00 2.042448958466676512e+00 2.151827116956960939e+00 4.256243626018122228e+00 1.367308526171151950e+00
2.532069573051653144e+00 2.931873071174497802e+00 3.060041154618124093e+00 6.371910632784912210e+00 2.196113176508810216e+00
8.612110186218040475e-01 9.325521011017734452e-01 1.029981370077374780e+00 2.241111976451554799e+00 5.156579679205224309e-01
1.631130815243321930e+00 1.900063233427596643e+00 1.878820937666899171e+00 3.923029377257724715e+00 1.467624083453652695e+00
1.596443754915308988e+00 1.320341114811092620e+00 1.809556497664717378e+00 5.399740608589102209e+00 5.801990487825490206e-01
1.161870423626264914e+00 8.772438959849913065e-01 1.245025744216442076e+00 4.085687104978526385e+00 3.424962113591689672e-01
2.978296272642281250e-01 1.252467836947999125e-01 2.128844491319136223e-01 1.039770798143945019e+00 2.068031969693839844e-01
1.254207189972153635e+00 1.580022625513189727e+00 1.672859737266781721e+00 3.293932794843775547e+00 1.580590286566191605e+00
9.887896607251079883e-01 1.106344360532768079e+00 1.176252265913533934e+00 2.572011308601482860e+00 8.009356204794687573e-01
6.838071470397641960e-01 8.638100552677154820e-01 7.492589739542817595e-01 1.400905260912608696e+00 7.611869272350590965e-01
1.645121293084138014e-01 7.874081203633546133e-01 3.141562092071559231e-02 1.666206534282655305e+00 1.274881397794274562e+00
8.335296271113279420e-01 1.853236266641851593e+00 6.977791124815240220e-01 9.199275442423870963e-01 2.427038946231887540e+00
2.819636591669018033e-01 3.387763709624200814e-01 3.267956674430214647e-01 2.599765844536985782e+00 9.102557413126137753e-01
9.581135244822731600e-01 7.315801138278816840e-01 1.156992491356103381e+00 3.537536175538206429e+00 2.265728249478273781e-01
1.310468257949359838e-01 4.338076862852744964e-01 1.610195004541969399e-01 4.778649646078929059e-01 6.032686629096017938e-01
7.899062294839368503e-01 1.003776718018081215e+00 6.604311868936989516e-01 1.538725060127803079e+00 1.310200973656605150e+00
1.949485699107386338e+00 2.455749554564186532e+00 2.430984564415971327e+00 4.636647045397695344e+00 2.243721281588811678e+00
1.664234750635647409e+00 2.141056017775242459e+00 2.001080920553691467e+00 3.772362120170281496e+00 2.100170109851803968e+00
7.461819407135172888e-02 7.861641275013653285e-02 1.910130575916745288e-01 6.301932257068543208e-01 3.486174694230281812e-01
8.807320477768998401e-01 8.846584815673113056e-01 1.198406845667558729e+00 3.064450699495828712e+00 7.957784565722592074e-01
1.202322144670886050e+00 1.117857250857296814e+00 1.443582331651272144e+00 3.990828299638272014e+00 8.163124383231387116e-01
1.157780326860844644e+00 1.084792067184314757e+00 1.431184426683578037e+00 3.766245337680828698e+00 6.318664081597511473e-01
6.402356854198072433e-01 1.949942319420155723e+00 5.007627755910921685e-01 2.408119695872404264e+00 2.624810518471762943e+00
1.003412101704269865e+00 2.060357893980346411e+00 9.771418059928937971e-01 5.228669524418039227e-01 2.410806567066988038e+00
1.966595793100278655e-02 3.205814514646135871e-01 4.100550938042787918e-02 1.039579118643987110e+00 3.930788125029932578e-01
9.696173362201748747e-02 2.485744724188573285e-01 7.398453628051987474e-02 3.422597317662303129e-01 1.755920004158141312e-01
2.864249969177706800e-01 7.055872443855053522e-01 3.477625766344390468e-01 5.380065145951835603e-01 6.584956970189227432e-01
3.894245377276876474e-01 6.486434862522921785e-01 5.001273783431746667e-01 3.658705897760652359e-01 5.512620802674501608e-01
2.789405921764032126e-02 2.696511188033905992e-01 7.026012190636321542e-02 8.086529912276416709e-01 4.378035377762636293e-01
3.481310297495599504e-01 2.047281098899002005e-01 4.142689329585446112e-01 1.607092109275113589e+00 1.799974594231579239e-01
8.417550355203190504e-01 1.373142605479389822e+00 9.366201680527918016e-01 8.611773718753192863e-01 1.477681854137799178e+00
1.302504011362352054e-01 6.985779428994298712e-02 1.786120731433124553e-01 5.666270713063590314e-01 7.213280897208973474e-02
1.591377998178147735e+00 1.748588553893194231e+00 2.127569345659503952e+00 4.735418400051468524e+00 1.312714393800600954e+00
9.717273173522764651e-01 1.567029475031777919e+00 9.750964417712497667e-01 8.979994291629300740e-01 1.741707115256693861e+00
8.468650471455796414e-01 7.690706469660045785e-01 1.183876857182358799e+00 3.025959502851089944e+00 3.448336510831858659e-01
8.886158100703854812e-01 8.538544453214049756e-01 1.242996290329227538e+00 3.051475703270452033e+00 4.560608377363835064e-01
4.750799200895916563e-02 9.463108415808130225e-02 1.710139686707645712e-01 6.132430510373947374e-01 4.152632916333611757e-01
4.619557077420821667e-02 1.128764994965625323e-02 1.933561418026957801e-01 3.647884726970952451e-01 3.284642693204914421e-01
6.295808076286799615e-01 6.330247758459179863e-01 8.270548947359952496e-01 1.923188339669125391e+00 2.984105097889571123e-01
4.998172488599571528e-01 4.433361340056425903e-01 6.733905632878521841e-01 1.761952226592551130e+00 1.766508549610354972e-01
5.852866174996257387e-01 9.344989252209274788e-01 6.597616748484745886e-01 7.704123323402827239e-01 1.118099085142810978e+00
3.537603908635956751e-01 4.063213276986196720e-01 4.141074583538300047e-01 1.045362465045471589e+00 5.225325965250759985e-01
2.491828541975642242e-02 1.151727513108713463e-02 1.664790596536251666e-02 1.564161665108283750e-01 4.480056299319770674e-02
9.278108583251145625e-01 1.194301354542135041e+00 1.027818313012746732e+00 1.934794637251665117e+00 1.171139307616079872e+00
