6.155290919421945173e-01 9.837177170426730788e-02 1.652984894248812342e-01 3.838540284758795718e-01 2.573306130106213230e-01 1.337569322089615653e-01 3.601992447436062061e-01 6.854807694598137324e-01
8.855508255184516564e-01 1.929466427879570622e-01 1.577167900540003831e-01 5.056318885590723733e-01 2.567302574430423423e-01 1.114535728419532024e-01 4.470740306911825113e-01 1.082650199561449700e+00
4.275334081226186411e-01 6.266945569758041179e-01 1.197405467117321765e+00 8.966411171434772731e-01 1.712659504642404462e+00 1.187458454774774852e+00 1.211714133303778418e+00 8.276791248186160521e-01
1.464800381756781178e-02 1.263769303552462753e-01 2.044297490626290348e-01 1.258151803030553295e-01 2.902062448891555846e-01 2.058943328302241249e-01 1.866466094273699083e-01 2.251508845097665024e-01
3.986476464340648618e-01 6.998135870995501051e-01 8.837633854103181807e-01 3.280125989975359868e-01 1.237229001573050713e+00 9.151384028829535611e-01 6.467335417809525477e-01 1.637225551211624941e+00
1.648549346729950293e-01 6.058832465348754082e-02 9.065019045368265249e-03 7.176670203570696682e-02 6.652180100418507436e-03 1.810196956128205803e-02 4.909909348218058356e-02 2.478243992232571080e-01
7.428302737173015924e-01 2.927279711305141863e-02 3.388060267520623947e-01 5.443203167766628159e-01 5.079545484092934382e-01 3.022804725751252475e-01 5.584352017952998182e-01 6.594602965518263638e-01
9.742195935591461964e-02 4.388365129835027911e-01 7.339631745218440084e-01 4.726648056346447468e-01 1.043610011126557602e+00 7.367911555487309805e-01 6.856581505844970836e-01 7.439327163252206221e-01
3.353276415632662766e-01 8.238594935330457725e-01 1.109749202525141643e+00 4.891185595277562914e-01 1.559806133812008389e+00 1.140188455237327148e+00 8.693987839225709724e-01 1.818392279856478444e+00
1.829913165111762274e-01 3.102953101079330978e-01 3.886331017671729726e-01 1.406505367304463072e-01 5.437801463431699567e-01 4.028469045402954807e-01 2.817349184946749130e-01 7.310130070749025766e-01
8.481742320900320653e-03 1.517573422445184228e-01 2.407723317005275865e-01 1.440833664441128759e-01 3.414683622974047372e-01 2.429727217885495616e-01 2.167873751234470625e-01 2.777806829320414450e-01
3.697541704958106079e-01 3.975121109036375833e-01 8.105221217203590900e-01 6.444888146665537221e-01 1.162315134156144181e+00 7.994328240071221225e-01 8.480651939254587601e-01 4.447761385409415014e-01
6.092512795863964659e-01 4.166529082311794530e-01 3.337173168601003104e-01 9.051357941021989650e-02 4.499595766470476654e-01 3.704319559848149312e-01 8.518845818924922209e-02 1.277439164353839640e+00
4.412845322852483598e-02 1.655376375376728104e-01 2.806836464697463063e-01 1.839689939286413556e-01 3.993575223788792816e-01 2.813925886445766134e-01 2.645931188805883960e-01 2.746204904008630043e-01
1.321652311998766205e+00 1.476524492645667097e+00 1.615958885394927824e+00 3.227695430930048737e-01 2.240006716546575127e+00 1.705459737722526459e+00 9.770696521757122888e-01 3.845447939878995136e+00
9.547029505359716506e-01 1.384257060533366612e+00 1.662129800433943316e+00 5.211266977245263554e-01 2.319208966652618109e+00 1.732248429264926948e+00 1.145287923085180459e+00 3.373723208325757561e+00
9.600047717261979141e-01 6.718813572404648271e-01 5.497619493328314011e-01 1.287032333681794594e-01 7.428982799658638836e-01 6.078779352898014965e-01 1.554770669348581602e-01 2.041683604687745124e+00
1.872881038505032736e+00 1.903102950680978456e+00 1.995162345981575269e+00 2.858428836155501029e-01 2.756594862768924958e+00 2.118734987664294689e+00 1.122772305087461397e+00 5.094285327927067897e+00
6.249571823217208166e-01 1.117003341715048670e+00 2.063293162997631658e+00 1.492814712656417520e+00 2.946949191340151319e+00 2.052210602774196424e+00 2.049211520481102777e+00 1.586783556734890910e+00
2.183788961967493281e-01 1.781196437891269024e+00 2.661453711021638746e+00 1.446800610937253095e+00 3.762805467223204747e+00 2.702697254880839228e+00 2.288120440392225508e+00 3.519094677339289490e+00
6.312964823517688284e-01 1.391881064224992914e-01 5.434904088055305671e-01 6.113147522469872808e-01 7.937821373610909337e-01 5.152725738549062129e-01 7.015644338188048446e-01 2.526714134506827802e-01
1.268348998569932551e-01 2.772741675519337090e-02 1.088242881872084622e-01 1.226053959051871811e-01 1.589568689997601647e-01 1.031509121038477750e-01 1.406245244980160736e-01 5.120946742795211282e-02
1.273713044497894575e+00 7.596707861327283151e-01 5.241673113485423308e-01 2.902045197914346897e-01 6.948502704947363551e-01 5.990066565066560766e-01 2.399117573339701326e-02 2.461678115962569802e+00
9.184147420977866183e-01 9.792111293646582615e-02 3.227388080242907797e-01 6.170262937261457026e-01 4.917839731678471660e-01 2.765172905399333469e-01 6.050347598453301723e-01 9.311366876527693570e-01
2.959097620433274400e+00 1.970919687676077281e+00 1.538697085872794634e+00 4.874260458745023339e-01 2.069031463001739901e+00 1.716110308345238478e+00 3.407936018761144048e-01 6.105513166021617089e+00
1.450114920887963788e+00 9.003855488136732754e-01 6.520650498882472057e-01 2.982117480066440729e-01 8.694425597006103512e-01 7.378802354861622170e-01 7.643287119042505018e-02 2.869210093791872307e+00
2.301308134618026191e+00 1.300129087147081863e+00 8.342426894511179025e-01 5.899826464545039340e-01 1.095598455126155724e+00 9.682139057554268735e-01 5.684600470301154340e-02 4.311831468885388929e+00
1.779699845927302349e+00 8.223316381228426009e-01 3.599304354817196017e-01 6.222479936877288731e-01 4.431383129819344568e-01 4.603847734898282029e-01 2.972900688190091012e-01 2.991018118754894317e+00
4.699132852073654165e-01 2.660625762865537203e-01 1.712570546728251764e-01 1.199414938133998576e-01 2.250035880868843097e-01 1.986232225961716003e-01 1.079963159088370706e-02 8.815456577796518811e-01
4.415224549736505022e-01 1.504935870237928963e+00 2.115666319674612161e+00 1.024892484593206365e+00 2.981099147372594960e+00 2.162976327471012983e+00 1.726010565233385474e+00 3.182457823588777934e+00
3.988547570271739340e-01 1.476031281801157613e+00 2.505524822885317526e+00 1.644510151239856999e+00 3.565053743540976594e+00 2.511585307536615019e+00 2.363605764545780641e+00 2.444300378000205054e+00
1.944473042885340730e-01 1.695717156246492774e+00 2.741938626159504455e+00 1.686566864337027738e+00 3.892350302837741527e+00 2.761692080568517671e+00 2.502719568455473276e+00 3.022767385292660869e+00
8.586956736197197682e-01 9.064875868312205487e-01 1.856341427712493664e+00 1.481611073553551927e+00 2.662499057985610484e+00 1.830301373712915014e+00 1.946433283592943209e+00 1.001648035502335832e+00
5.667668163522762148e-01 1.020410450251387324e+00 1.882723739245010464e+00 1.360536470158488331e+00 2.688915117944039146e+00 1.872800651190368981e+00 1.868662097643312148e+00 1.452941560897079487e+00
1.011939069954461701e-01 1.662688533242944633e+00 2.537502475103857513e+00 1.429430528884397811e+00 3.591580755993494023e+00 2.571023932412716206e+00 2.218655152619752435e+00 3.201414060062028000e+00
9.469552423764886484e-01 1.515764368138366458e-01 2.539324185756237640e-01 5.903217334389156967e-01 3.953643461429404704e-01 2.054035079599811076e-01 5.538170759862144354e-01 1.055016859374068305e+00
7.079206756527255395e-01 4.519210227594749330e-01 3.375925171310565354e-01 1.343698483657413678e-01 4.517442725396598746e-01 3.796988450572864604e-01 5.442450714223245889e-02 1.423900440076116825e+00
5.818788801133331079e-01 8.647757454895796947e-01 1.045895735096610712e+00 3.367369178309055355e-01 1.460071721867949091e+00 1.088995055755009655e+00 7.272138878780689542e-01 2.095801544057827037e+00
7.030517601851282716e-01 2.613300403869946997e-01 7.708756393382741878e-01 7.771771960185201999e-01 1.118658928015012988e+00 7.412802245038778715e-01 9.283968566145878176e-01 8.194135688684001106e-02
7.002569880118858503e-02 2.077227987561671430e-01 3.597943025226760239e-01 2.421107734788684740e-01 5.124219481309618685e-01 3.599734118326757826e-01 3.438347266351719500e-01 3.326798720318155378e-01
1.194394564591362284e+00 6.644472831108276800e-01 1.653048656807039718e+00 1.520186271468518591e+00 2.387062981540504669e+00 1.606564256356940446e+00 1.882251518948542923e+00 2.743954803578552148e-01
7.608790972669937647e-01 2.035482333726333082e-01 7.668776405765651005e-02 4.002131106660760107e-01 1.372376836606512551e-01 3.628775469685627253e-02 3.318863603691472042e-01 1.001074663258193720e+00
4.440836391891673784e+00 2.087602555263452064e+00 9.536713769476505842e-01 1.520352469446236032e+00 1.184455056701551490e+00 1.204946053193522992e+00 6.924847302527157300e-01 7.530302484931085338e+00
3.280699713732373013e+00 1.169393258591070017e+00 1.237843772825424349e-01 1.461142196631171064e+00 5.216525672417604564e-02 3.029989293971876441e-01 1.027380869994408474e+00 4.863653314180954368e+00
2.677396754306708093e+00 1.602955250957124989e+00 1.111316870455016481e+00 6.044955640112135153e-01 1.474058192012936308e+00 1.268737140451749568e+00 5.886433220848358294e-02 5.185983867027705863e+00
1.478436557904513116e+00 9.673831702535684585e-02 6.143832792694329248e-01 1.048468085056195820e+00 9.260490501651363893e-01 5.410251973413289228e-01 1.058208094041624525e+00 1.384687605324108839e+00
1.563790473050185925e+00 9.546596878908948369e-01 6.777793374406984039e-01 3.363714424167872363e-01 9.016073721010491315e-01 7.700409867045815426e-01 5.986356910953777311e-02 3.063537660180997158e+00
1.297664499030185770e+00 6.199419114705304601e-01 2.941256687275406456e-01 4.352725764465472102e-01 3.680051484864624300e-01 3.677217963412259816e-01 1.886284089327292246e-01 2.219051699515142140e+00
4.147338376403314486e-02 3.259530429733751289e-01 4.862554071003940548e-01 2.635987080128400772e-01 6.874164519187905276e-01 4.938761000621724739e-01 4.175003443765044064e-01 6.452121883028110183e-01
6.434849464217884396e-02 1.470246376254752407e-01 2.623106137512624114e-01 1.827261414356479152e-01 3.740842867877908207e-01 2.617204309353892144e-01 2.552844205008548140e-01 2.234357876089827777e-01
4.117732575183276345e-02 2.863069764606580581e-01 4.672715301724283399e-01 2.911762876472734907e-01 6.636226364318491555e-01 4.702019792100091689e-01 4.292919971649606925e-01 5.035749511254344890e-01
3.126081689682542741e-01 9.551120032325368658e-01 1.649489394986649593e+00 1.106026949505868107e+00 2.348899578564285662e+00 1.650767359379274435e+00 1.573400752375915923e+00 1.537292583764088505e+00
7.018616636791508157e-01 3.027952459482025627e-01 1.084438164249786063e-01 2.648933650157799802e-01 1.272915645466379808e-01 1.476899234647534864e-01 1.469982420779934185e-01 1.139222454889887493e+00
7.046089489508006176e-02 7.833060507079696588e-01 1.183645770611950088e+00 6.559043149880181556e-01 1.674458531570694575e+00 1.200543032392016318e+00 1.026853121319900808e+00 1.526757668869187512e+00
9.210986449666384024e-01 3.979444268297772092e-01 1.096507234218175864e+00 1.068581883691042123e+00 1.588235553426585289e+00 1.058689243493749821e+00 1.293203869532304040e+00 3.120621852921390271e-03
2.825518024861185529e-01 4.738914939771655954e-02 7.240073053774981338e-02 1.741800518269535636e-01 1.131972074776734366e-01 5.788350490635056633e-02 1.622566690708127923e-01 3.188506539394524442e-01
7.806376855146018867e-02 1.806071962178512069e-01 2.409241100968826654e-01 1.037261124836163506e-01 3.384327285405355212e-01 2.478178140729143109e-01 1.869193848658133594e-01 4.023349267218966352e-01
4.357178518713323845e-01 9.062560018649473692e-01 1.637096618435833983e+00 1.156348095587053537e+00 2.335964335822477089e+00 1.631563877827677311e+00 1.605072371233923434e+00 1.345451069717265691e+00
8.792237301761179902e-01 1.551134735543796106e+00 1.961124249316815060e+00 7.304030750026329066e-01 2.745688573355072215e+00 2.030454601359919398e+00 1.437012559035258263e+00 3.625342894674517868e+00
6.376204765212328818e-01 3.371973233621195831e+00 5.582275471164447112e+00 3.546635267362932886e+00 7.933463079552534047e+00 5.609386094764634123e+00 5.179059559826445280e+00 5.806603726208606986e+00
2.825025910170388954e-01 2.031770870113804861e+00 3.018575282730931342e+00 1.624663512020718459e+00 4.266401717544020755e+00 3.067240652179748839e+00 2.583075656811032683e+00 4.041336984311262093e+00
3.525352660349821976e-01 2.863803948178443193e+00 4.643204206010578261e+00 2.866904761052594619e+00 6.592187152527239746e+00 4.675393936300271669e+00 4.246172994423911717e+00 5.085337189971803618e+00
1.577951797222009178e-01 6.255718720586770365e-01 1.056071621264455196e+00 6.883330424772732270e-01 1.502272402133712603e+00 1.059185598827952601e+00 9.926751611507287354e-01 1.045097589272209193e+00
8.104093097004085866e-01 9.654310926130313941e-01 1.923166735547801043e+00 1.497934830183859312e+00 2.755370031353773452e+00 1.900482610960616103e+00 1.989046115246842605e+00 1.151518403049682338e+00
5.120016798501916266e-01 1.666929948811494810e+00 2.861427726059639465e+00 1.904508266498803559e+00 4.073581629069755294e+00 2.865286721738114828e+00 2.718933129327012921e+00 2.710325752807873911e+00
2.969013272458708164e-01 1.555917178577322479e+00 2.577198991537226647e+00 1.638575348116511732e+00 3.662779297995372385e+00 2.589578273119803598e+00 2.391920412877448054e+00 2.677133394343784722e+00
8.545509051110032894e-01 5.484881771074758827e-01 4.121305538511461641e-01 1.595169461064270544e-01 5.518495546782752337e-01 4.630092521006691220e-01 6.979462129233268697e-02 1.724385928294621007e+00
2.627715205996228764e+00 2.737147802136143948e-01 9.334506669430742143e-01 1.771248110658977470e+00 1.421302347881997274e+00 8.013153584690051456e-01 1.740015763602345888e+00 2.652012143487127549e+00
1.828101075641643813e-01 1.037440946992979507e+00 1.521357346030319135e+00 7.999340174882341170e-01 2.148741428983142132e+00 1.548076289035799080e+00 1.287850566391397722e+00 2.094927086621391155e+00
8.782676635156115852e-01 4.250079719374895149e-01 2.075199254649685576e-01 2.896755199985877605e-01 2.610463957832023230e-01 2.574236591825397324e-01 1.201565116776810160e-01 1.512049587526541394e+00
6.107122187337544750e-01 1.118960387520925970e+00 1.426902891112530103e+00 5.449925958283236005e-01 1.998836925380551133e+00 1.475774846327283063e+00 1.055617721209874738e+00 2.596095485217387200e+00
2.107618344740563865e-01 1.977362549629312793e+00 3.189083003474010525e+00 1.954410771510746603e+00 4.526520963142022680e+00 3.212892344540311917e+00 2.905516008593085786e+00 3.537832022570205570e+00
5.846579538381924124e-02 2.010881398616114257e+00 3.101972391501821136e+00 1.777897002363516776e+00 4.392981819098985774e+00 3.139414131159333987e+00 2.734813550026847562e+00 3.819819424891624404e+00
2.012213020270200436e-01 1.450859505405419636e+00 2.155786764033561287e+00 1.160541613689085150e+00 3.046971535401405085e+00 2.190513305814194567e+00 1.844949756637455307e+00 2.885447927117784417e+00
8.021154457072046662e-02 7.324837016944940604e-01 1.182453408427048602e+00 7.256246290539380972e-01 1.678428400677978161e+00 1.191169535009654057e+00 1.078027824375474175e+00 1.308795706992778918e+00
2.510471894322786057e-01 1.410342878843380499e+00 2.066892403211851637e+00 1.085523474851442405e+00 2.919145829475243481e+00 2.103337855083149410e+00 1.748723186275259911e+00 2.849992724005679712e+00
1.015336141630147071e-01 8.564245298460485545e-01 1.386542309003600426e+00 8.543604615078632669e-01 1.968402379006990222e+00 1.396357451994586940e+00 1.266685405314989854e+00 1.523945036467154956e+00
5.638051780726412998e-01 1.003154331245186270e+00 1.270792474442098863e+00 4.760639846090711780e-01 1.779406270782997179e+00 1.315396802198999904e+00 9.332262738953200909e-01 2.340678503450487113e+00
7.777239397128503651e-01 1.913506545853926877e-01 1.044041192514189587e-01 4.242150389497312268e-01 1.771416258744131222e-01 6.339717565781774478e-02 3.623428371854959806e-01 9.919021275599827492e-01
2.133607214529278373e+00 1.093234217838403355e+00 5.987576273917165626e-01 6.486530485166861482e-01 7.682391133618070578e-01 7.210359983604874845e-01 2.078600080642422354e-01 3.787232615810112168e+00
3.589837761095338586e-01 5.869134789109717310e-02 9.434827673258125436e-02 2.226718104950864974e-01 1.471654563706349950e-01 7.593015818354584279e-02 2.082465712739676733e-01 4.022562025264294627e-01
5.579157209047839183e-01 3.103014316590956834e-01 1.946254085831094771e-01 1.474685275017970365e-01 2.548087460752455624e-01 2.270203799297959568e-01 2.055240588253456901e-02 1.036154028750913891e+00
1.170076758395745875e+00 1.307558698845805445e+00 1.431209021569298745e+00 2.860890163825935417e-01 1.983928288941707807e+00 1.510451736089795993e+00 8.655269881427642975e-01 3.405124225759682766e+00
5.794729176962175599e-01 8.582733621137834668e-01 1.037012414620466449e+00 3.326915775664150976e-01 1.447575333761531358e+00 1.079883160087462768e+00 7.201580569688912359e-01 2.081645566849422924e+00
8.123772155063997413e-01 1.144933191050680810e+00 1.363000817930335895e+00 4.135594945405726142e-01 1.900719591438241318e+00 1.422099018405604154e+00 9.289504011461519051e-01 2.808941802407734833e+00
1.231165920911945627e-01 6.002197574660388113e-02 2.978175938330526740e-02 4.020470409891996333e-02 3.757339454421366326e-02 3.678496202589028041e-02 1.622962374920751752e-02 2.127935274239920738e-01
2.151133438520284047e-01 4.048554095369255590e-01 5.193009872810046001e-01 2.016821703365412888e-01 7.277166665544116952e-01 5.366998179699038474e-01 3.866545787551313729e-01 9.345417567465795772e-01
3.962776809262550937e-01 4.551482778772834581e-01 5.038895529001214957e-01 1.080492580911638356e-01 6.990756254578667228e-01 5.309390383287730941e-01 3.101622166499294342e-01 1.176326071466310630e+00
3.958354987542701542e-01 7.580343639401324052e-02 3.229127726660594444e-01 3.729089511097554710e-01 4.724021523645808296e-01 3.050222270766949628e-01 4.240263424482877408e-01 1.799472720999247266e-01
2.085630253613882656e-01 7.206672801942666240e-01 1.014611585966261664e+00 4.929936925239390422e-01 1.429767191211893218e+00 1.037127788809568463e+00 8.288458936387954612e-01 1.521646247883004621e+00
