3.398903562297070469e+00 2.454810965550386470e+00 1.475106830712003214e+00 3.486733572839860518e+00 1.202397127233362673e+00 5.278143969117680356e+00 2.281648220839265662e+00 8.347362355698435543e-01 3.168657327034026139e+00 1.852158769342356237e+00 1.083057718967601835e+00
1.647928884485074352e+00 1.275001808380957780e+00 2.246872314215741628e+00 1.608924752303849903e+00 3.090948165189728591e-01 2.126845998158464202e+00 1.667446978837934024e+00 4.463086390465136333e-01 2.028590221159540352e+00 4.258370239659103884e-01 2.030707692661815500e+00
1.672106585864940875e-02 8.908166688459479010e-02 1.061314853128683122e+00 6.586835108138935357e-01 1.704702934940751202e+00 1.187402317869305612e+00 1.011472338536701931e+00 7.607786013195306785e-01 4.585418049324143652e-01 1.960166164986955728e+00 4.198930635983422199e-01
1.654818415557742117e+00 8.281382181236219830e-01 2.008030360095514055e-02 6.610731310656439152e-01 8.336825655166464344e-01 7.054152279458869579e-01 1.622051823137293125e+00 5.282193194719436713e-02 1.877408481240635529e+00 1.442517134242004673e+00 1.040441451385038185e+00
8.442985377198591879e-03 4.456173954379414881e-01 5.910843948567934270e-02 8.944278027387659868e-01 3.437362084230664583e-01 4.360827054298011540e-01 5.659433131262933125e-01 7.842040587623169134e-01 9.103790465639496343e-01 8.913847595255443013e-01 3.173801706569352454e+00
2.871742774336683457e+00 1.358152788213311091e+00 2.051991554789825756e+00 1.223592888974061932e+00 1.294054992633028256e+00 2.622084315619281902e+00 3.392271922203213386e+00 2.035699626251224803e+00 3.157978448858603571e+00 1.470900758542098563e+00 1.997756915873412309e+00
1.196487803373467829e+00 4.647244215854394178e-01 2.154120281365442313e+00 7.454873568795388206e-01 3.109262645095161925e+00 3.349482316066183962e+00 1.631134089108136065e+00 2.710600573013763004e+00 1.657883239983223733e+00 4.104738216798236472e+00 1.887663725725584607e+00
9.359853633462085210e-01 3.977638087804540312e-01 1.318216522169668448e-02 9.581938879104386908e-01 2.760356969610222588e+00 2.594882803075783340e+00 1.175458718970163519e+00 2.660539419650536086e+00 1.127741959541059602e+00 3.683379044667049129e+00 2.306914302876169609e-01
3.595923747072883314e-01 1.572254504718507695e-01 4.582843222729256816e+00 1.120520519168087814e+00 1.071705791337452585e+00 1.707271048299856098e+00 9.114315324239539162e-01 1.815585564918801076e+00 7.031982874748856638e-01 1.834090661538834821e+00 1.566104799403758907e+00
2.431034730957527756e+00 2.653755646547334646e+00 1.390825558490807357e+00 2.060631431829624383e+00 3.507094595721120811e-01 3.914429105290063493e+00 7.415376870599716952e-01 1.601539025725469800e+00 4.328069867698827622e+00 6.483233417087967965e-01 3.688481926115721343e+00
4.262976828183009381e-01 8.164660693471696984e-01 2.915277549587651063e+00 2.016258015577859997e+00 1.771002656550439536e+00 5.525273218066955039e-01 1.895401009394526159e+00 3.470290451345334759e+00 3.508109092221409320e+00 1.765816103360371425e+00 6.470191271412186751e-01
6.471995299655572964e-01 4.528713842658472211e-01 4.942971285605533005e-01 1.678764623075870377e+00 4.292654302970008717e-02 1.103762174559297649e-01 1.031908278559767966e+00 1.437548674255079151e+00 2.117596101911667361e+00 7.111437240296658580e-01 7.990663124151465846e-01
1.026202208015648321e+00 5.544187172901433591e-01 3.532691539978793926e-01 4.311539304203503009e-02 2.236523467229171391e+00 1.123227799677147809e+00 1.073117446868190106e+00 2.776688878534244509e+00 1.639333096552523683e+00 1.780689641593199646e+00 5.495059617609586722e-01
1.389548735688154624e+00 1.167129282861346429e+00 6.759105211433353855e-01 9.852487596025953920e-01 9.945108460327405364e-01 1.720572970746934383e+00 1.360540847634202244e+00 1.514869012036445639e+00 1.852570821052832439e+00 8.139232931461437559e-01 2.336948180880764614e+00
2.577181866443778446e+00 1.324440097048471543e+00 5.368445545927578166e-01 1.089061652065243635e+00 1.323531596916343478e+00 1.181107657141741374e+00 1.820708044827104910e+00 2.439872897120716644e+00 2.614954423632638303e+00 2.197145914839878367e-01 1.016739159805047032e+00
3.640053979466056688e+00 2.872208020696519704e+00 2.094134958664130686e+00 1.258638576353603877e+00 2.443442182882096247e+00 2.815134950411991355e+00 2.669708518754672966e+00 3.723071123721897635e+00 4.897084524183328291e+00 6.125265135734415667e-01 3.765739917172910012e+00
3.227730567300650222e+00 1.300100121306653644e+00 2.069684966329759845e+00 4.478242679010635552e-01 4.359330540927940589e+00 2.809149518448209371e+00 4.345842246040071188e+00 4.930747594001265277e+00 3.572676214407235484e+00 2.871417182572904458e+00 8.464880486007420046e-01
2.852528582275104974e+00 7.887634124803666325e-01 1.845784257978849707e-01 8.386341739566756104e-01 3.956427118617276584e+00 1.791327615009648877e+00 4.502869635899993561e+00 4.407418129972541010e+00 2.092193401693733801e+00 3.081165857805901354e+00 1.878212447168855492e+00
4.862109468988746741e+00 3.345065018443732718e+00 2.740533157765116190e+00 3.101814064411496208e+00 1.334456177752661343e+00 4.414545612549846787e+00 2.481605043516490916e+00 1.936363244070185896e+00 5.010517882948930968e+00 5.190389248431808156e-01 1.691417400668483229e+00
3.208757602352313665e+00 1.982920019555008295e+00 1.167058610964768484e+00 2.658145045336985479e+00 2.180033233198739318e-01 2.423278047103080368e+00 1.521812139969871858e+00 4.608400190674590835e-01 2.682897009467099192e+00 1.630185570140412654e+00 1.669736765027478143e+00
3.122931211502502080e+00 1.542886094917294670e+00 2.069027715852838512e+00 1.751918928714575330e+00 1.708394577043437890e+00 2.726492285477205790e+00 1.041365439446972019e+00 1.974128523550510383e+00 2.904282724415724548e+00 1.991882724172222563e-03 1.456824281006019017e+00
1.943031901733263123e+00 5.644490284376069145e-02 4.354756117639415613e-01 1.169701395151648171e+00 1.899754382643886963e+00 1.277178583951464885e+00 2.931228288527500947e-01 1.525684878521064380e+00 8.801900355477765281e-01 3.720978021330448859e-01 1.212632146889782270e+00
1.971597805415457927e+00 8.022798324134230441e-01 4.653667577606902306e+00 4.150137603599528546e+00 3.490184427289506175e+00 8.434567589250554498e-01 1.147292526819201575e+00 1.104867653959121121e+00 3.905392226247589971e+00 2.006399854764731927e+00 1.817288460209641077e+00
9.033381182278549248e-02 9.950191094382164758e-01 3.588032559900985241e+00 2.079793778755302913e+00 1.704896535632645982e+00 1.450470530145331116e+00 2.059668850310774513e+00 4.274656949228143876e-01 4.427770562276720945e+00 2.367466974145280290e-01 4.051907656977030037e+00
6.160089071391342763e+00 5.443019846759126423e+00 9.711699203439032146e+00 5.783597836475071752e-01 2.962881181586315193e+00 1.017828003267631942e+01 7.389430337646045288e+00 7.341298121048061454e+00 1.437825455265222807e+01 4.850090621314278039e+00 7.319055424106204910e+00
5.291878925487177199e+00 4.511079446150644046e+00 6.914451951911536831e+00 8.281198621504455293e-01 2.612655860025788535e+00 7.301641084672294113e+00 5.591760736532720877e+00 5.875550931668965582e+00 1.087280514436612577e+01 2.944726031840479763e+00 3.242042727851152328e+00
7.958871689738776789e-01 1.075617147541953589e+00 6.425850714388117169e+00 6.446413316935897253e-01 3.495961867692685132e-01 3.344198138462938008e+00 9.515996727061062366e-01 7.799205354758691477e-01 2.396850520532211259e+00 1.145886293369714259e+00 6.260789958544640932e+00
6.091900256465904384e+00 3.813259344943814355e+00 9.584464808407933134e+00 1.514421012173414294e+00 4.057463005658792810e+00 6.304610399777011764e+00 5.346514810343800939e+00 5.480497169228985221e+00 8.512242158514521151e+00 3.361621398712164588e+00 4.523882908918062107e+00
2.806677291440784039e+00 2.071928707175023199e+00 1.300351821678997766e+00 2.371685770327384368e+00 6.608954236618758138e-01 4.105909051374840857e+00 2.295966457057879051e+00 1.339502906338410071e+00 3.584041313157285469e+00 1.823894784630723187e+00 9.581272045008779603e-01
1.552521376952586962e+00 2.567801908850303683e+00 1.791931059741969090e+00 1.887907811659946589e+00 1.962857154532287041e-01 5.018139649848190942e+00 4.353219727659631832e-01 7.283458090230361393e-01 4.429823166386633204e+00 1.817918831772042720e+00 1.775731156642268438e-01
6.028561562262628293e+00 3.219152815033963666e+00 2.176125289341364510e+00 7.515813946377195798e+00 4.750687592601537723e+00 9.814255230987320999e+00 3.320548083231110947e+00 4.015329085859096203e+00 3.969687938632623148e+00 6.478694683117772080e+00 8.223410912272486328e-01
6.295741005528374679e-01 8.951797322423321601e-02 2.004787040884384641e+00 1.935000433489598048e+00 1.321878450315037590e+00 1.250365084271036764e+00 7.987541586480800815e-01 5.361449355229037650e-01 9.596252540330384440e-01 1.460151076890358057e+00 1.215539622179770518e+00
1.266694824587339063e+00 7.122515309755470536e-01 2.010289846897980404e+00 1.790905081716116065e+00 1.360677425842298449e+00 3.562208130982576826e+00 1.396213690144580077e+00 4.385003209456457274e-01 9.451256781805073004e-01 3.104238107829015547e+00 1.596583770621532450e+00
2.476596163503416825e+00 1.798090633948906003e+00 2.649014498834365128e+00 2.040897062676942486e+00 1.621988177050878388e+00 4.885502571380860637e+00 3.139808802917316566e+00 1.535316763387056360e+00 3.248574163392646597e+00 3.392192367536962738e+00 9.034117737245654922e-01
4.566343446567434405e+00 9.577574527013020811e-01 3.235754105774697464e-01 4.439517004705062497e+00 3.020491059051597649e+00 1.798617868824625265e+00 2.787246172568043079e+00 6.750974146853371272e-01 1.297664534929088065e+00 8.440790467117013085e-01 2.951067629649539725e+00
2.365286404578098356e+00 4.963749155444671657e-01 1.621291435116664736e+00 3.191732766548436295e+00 1.288957054124435508e-01 1.616106249236857639e+00 2.291617290758583003e+00 1.399099090464269723e+00 9.830231221617944382e-01 1.243817599119067530e-01 1.380351277622366313e+00
6.030755676691733624e-01 2.378196394125051683e-01 7.352645059580971143e-01 9.974649221143308542e-02 3.516414344104854539e-01 1.864792337486274931e+00 4.909165867742792955e-01 3.147185087404864579e-01 5.041029793556011107e-01 2.256094175388939416e+00 3.554279238870923674e+00
1.348424717326049294e+00 7.238926100939709896e-01 1.309844651871423737e+00 6.932337277080201643e-01 6.136710218019794105e-01 4.817783370014681599e-01 1.323742627952430251e+00 8.620251077916850635e-01 3.809477415961917135e-01 7.716372388229469914e-01 3.993118351860745818e+00
4.215086920781434543e+00 1.308771045674494760e+00 4.282245327232614862e+00 1.599350123289143610e+00 6.848488647244192151e+00 4.409205125859135599e+00 4.480328184371367151e+00 6.809489975365442760e+00 3.608314354167522886e+00 6.690084088687364705e+00 2.475004710317269208e+00
1.338032358476730188e+00 3.209085128418829869e-01 7.356423041667885521e-01 7.516584685543414857e-01 3.604088101593389659e+00 1.786621994288965398e+00 2.418937303099927938e+00 3.296643991676710073e+00 3.524444211646318159e-01 4.677301682528246296e+00 2.525563268636753289e+00
3.925531179123108450e-01 4.605080703980153345e-01 2.607753166006382628e+00 1.300183449858712148e+00 9.428504329879481283e-01 3.010777763143041241e+00 1.876902588282844953e+00 1.118328369720704707e+00 4.170388385431942346e-01 2.519259274738927523e+00 4.584384068591315753e+00
5.792684249400950947e+00 3.359358762540704202e+00 4.569807012247253830e+00 2.143783764785156087e+00 2.279763267282223005e+00 4.275199801407498335e+00 5.578237322337566084e+00 3.948387397140756594e+00 6.658591040326172106e+00 1.152302028724208283e+00 1.070842516934356503e+00
3.050660300884922460e+00 1.888171174443211475e+00 1.833720015303510920e+00 1.856583929066894623e+00 2.061580448644296126e+00 5.887246562613758449e+00 6.594615853706006448e+00 2.781116397048153832e+00 4.554045042164529988e+00 5.253609537935096441e+00 1.341676461071163340e+00
1.938497316235860302e+00 9.803019644244517217e-01 6.000465519143192150e-01 1.328784968878649719e+00 1.813748387758817859e-01 2.250587043343767579e+00 3.149458470695163825e+00 3.209009040629337006e-01 2.047687368489452986e+00 1.005634517824534280e+00 1.445523817558528989e+00
3.948553331607410843e+00 2.539190299834246378e+00 8.794478524960648969e+00 3.552464228007955249e+00 3.058120485223860818e+00 5.956429473582188550e+00 3.493834827771705065e+00 2.500433663562380282e-01 2.004223274758369477e+00 4.575369428773012892e+00 3.676198581541814114e-01
1.578364812255017346e+00 1.611749902106183407e+00 4.582764170614579413e+00 2.472848031169710747e+00 4.253891008190373579e-01 4.196466067621051010e+00 1.447326244616810254e+00 1.414428994339300694e+00 9.267598593725878686e-01 2.606992373022128273e+00 4.896262350264910523e-01
5.442522959594405796e-01 9.670134116180741923e-01 2.063265289057265139e+00 7.491654715424638233e-01 1.383758122972100768e+00 9.513082878750598326e-01 1.411619797961458200e+00 1.849025305299441424e+00 5.104291483311018673e-01 1.142953537233344086e-01 1.447527756078725858e+00
2.646635537084359724e-01 1.472932641467772918e-01 3.886232082558549461e-02 5.090531608100626881e-01 1.373672701779284244e+00 2.357731141891239446e-01 2.126344265215804441e+00 1.469906182733848210e+00 1.700048080493892222e-01 2.764000111758022626e-01 4.842178740679947690e-02
5.206216749027322566e-01 9.573042483362642630e-02 5.417214299115313381e+00 9.417450525740045375e-02 5.546085280312815780e-01 4.479360865733367225e-01 2.305211714168956760e+00 2.742176850512462405e+00 1.793870095615040849e+00 8.340005608073820520e-01 1.746646946243708698e-02
2.326925693744679613e+00 5.530818188209705166e-01 8.052844873349884747e-01 5.482901937077055976e-01 2.416060222585088013e+00 9.599635512195221487e-01 3.856579870659057274e+00 4.599311093768028158e+00 3.638782336192530220e+00 1.187614454921381402e+00 1.784803179202100409e+00
1.119357840178368591e+00 3.989480152523572354e-02 1.818229359583194871e+00 1.149887833320192954e+00 1.447338240661774744e+00 8.320122357888286579e-01 1.851934947560142763e+00 1.390331931907297758e+00 7.207461472402565406e-02 1.768480646433548742e+00 8.542824073584321942e-01
1.660712549363555723e+00 1.120827665105851301e-01 1.963423326229251753e+00 1.884071138877070117e+00 2.808065807292639438e+00 3.222900335711153197e+00 2.499504401015591348e+00 2.773104074707070765e+00 9.325406217507992146e-01 4.067167417879845814e+00 1.473156344745926383e+00
1.855658605425874352e+00 9.756161354552720377e-01 4.155930139833148296e-01 2.591636457115975123e+00 9.661956289345531301e-01 2.835244131329064388e+00 1.298322552131807583e+00 4.916709049395173725e-01 7.407002453544101472e-01 2.071359267036400720e+00 2.714322355576752610e-01
5.924227069459914174e-01 2.265501047928039080e-01 4.741608800200260987e+00 4.323619246218717294e+00 7.009318979229561819e-01 3.032596169586857293e+00 6.530235014706842200e-02 1.194607936073892818e+00 2.824515302687553131e+00 3.774246073530270529e+00 1.203612913447287269e+00
1.136022220668534866e+00 2.429392454615553198e-01 4.567887488250224060e-01 1.440103443677513972e+00 2.514118094195173292e+00 2.370188456557662526e+00 1.053244779702551703e+00 2.142533478093250565e+00 4.947064741831093126e-01 3.323206507136129417e+00 4.826115580798924221e-01
9.836934352037522977e-01 7.461522961600577375e-01 9.859096389162902430e-01 4.156951630842435907e-01 1.422011864820668325e+00 2.293662091451641460e-01 8.624559180118596124e-01 3.875451093689538107e-01 1.557617213581890869e+00 1.960720393003629214e+00 4.621168574352824132e-03
2.300514993177226408e+00 1.888544212670128397e+00 4.224198841680859573e-02 2.472178641155029055e+00 1.364426160691650569e+00 4.469974998575906078e+00 2.193150655931791260e+00 1.081294716779265030e+00 2.544032039232821063e+00 1.832797033154570432e+00 2.706239494180901595e+00
2.129505160710187361e+00 1.238770054840612644e+00 1.907391857631620669e+00 2.372272939235249289e+00 2.064579157870647386e-01 3.214745696619598636e+00 2.509540332191349421e+00 4.902240427002972911e-01 1.881230245171249038e+00 8.827175994432355788e-01 9.686274299921568964e-01
2.962626997263611450e+00 2.525187701059566692e+00 1.538393701640276001e+00 3.713672547183770156e+00 9.387522708158622109e-01 6.059728356534085592e+00 2.082978958495351751e+00 1.550883080038327755e-01 2.962072533277895658e+00 2.337240830279506465e+00 1.656024835336088685e+00
3.498786071085993044e+00 2.363833679594837811e+00 2.444087544638393616e-01 2.935229947280188156e+00 3.265745673752507017e-01 6.799562870702121842e+00 4.770915859319083019e+00 1.200518366850254814e+00 5.151266269798501440e+00 2.142783050730124206e+00 1.906849859779071288e+00
3.165140477056332724e+00 5.305273484559452912e-01 1.286535754041131741e+00 6.543542524054265508e-01 4.028159737803654217e+00 2.777506252720707280e+00 3.541806258761678539e+00 4.998837320982394417e+00 3.310816248432608688e+00 3.026354092478756641e+00 4.190409585457188335e+00
6.220683145812063053e+00 2.983795913086115803e+00 2.241043068290173856e+00 4.308685044949444709e+00 5.167774540897752011e+00 7.486194730573363820e+00 4.585499533743584877e+00 5.454425211006861396e+00 5.711909996904780407e+00 4.360433505744055083e+00 1.487069849390952880e+00
1.290815852312151790e+00 2.376272549485520358e+00 7.837693599126013488e+00 1.805360494219831802e+00 1.770854719037094016e+00 2.634273215556237613e+00 1.744732668252155117e+00 3.153015916620974579e+00 5.774858479356939078e+00 1.761460702360679642e+00 5.500728364731530817e-01
5.380781625355294473e+00 4.848289331147814352e+00 1.010314217700956085e+01 1.491951196516521749e+00 3.323302006105538275e+00 7.592006723430545279e+00 4.049088706264003079e+00 4.762111221339369038e+00 9.610070819931840091e+00 3.031149655651992347e+00 1.386090790693408348e+00
3.448707163394581166e+00 5.076430945121129801e-01 2.654988194115628808e+00 4.188931938834918434e+00 1.801534239999992293e+00 1.431051545339192543e+00 8.181757509180744847e-01 2.197680196025205146e-01 1.454658998856900531e+00 3.648014653667309148e-01 1.971420659806935261e+00
3.837644280394107987e-01 1.510046876756886647e+00 4.198521948724893704e+00 2.026146971769993144e+00 1.575714801872738935e+00 1.557545656386656319e+00 1.337793309549125009e+00 3.436833616933567370e+00 4.651854853207964879e+00 1.888055852967296389e+00 3.275382791736962673e-01
4.925573557472067154e-01 9.264714825436209944e-02 2.394627127701460800e+00 6.784317763143059565e-01 7.688080177955237682e-01 3.311309451351194810e-01 2.254559901508938591e+00 7.358888515004100572e-01 3.199668792735869682e-01 1.296470730548410666e+00 1.008686481853886097e+00
4.326318602325761598e-01 2.476840214545690810e-01 5.980343296431320788e-01 5.082571823306940573e-01 4.811721566438138531e-01 4.087885538307864386e-01 2.079149084011449489e+00 2.631599377183188593e-01 2.417042936075429749e-01 1.673131143085062833e+00 1.391906276031555922e+00
7.721615845173420922e+00 4.521486664684811529e+00 2.525520844591041758e+00 5.323912136722065647e+00 1.634603151315264569e+00 8.648126339160352671e+00 7.909969446609256494e+00 4.695144311401820758e+00 9.202580177297974728e+00 1.687968308703095666e+00 2.357615738700018504e-01
2.439858169196564397e+00 6.372611187004493249e-01 1.125759640544074891e+01 3.117464443864518930e+00 1.935001632198421584e+00 2.165044236977284431e+00 4.964269130342035652e+00 5.825915535252126354e-01 1.938489821773722088e+00 1.029190848659919277e+00 2.023047476863239602e+00
4.979508643163058856e+00 2.151162473573226208e+00 1.252978977012053852e+00 3.153845563242205330e+00 3.473180374555094208e+00 4.651641494685511802e+00 4.332970810907633918e+00 4.195271016359382266e+00 4.245358232451506453e+00 3.109897326069150036e+00 1.583931337464516753e+00
1.698031587485030469e+00 8.423403674340030900e-01 2.941616437693762798e+00 2.340357807149229252e+00 1.733927614905827364e+00 2.217326167026477002e+00 2.029552168806741719e+00 1.919326137930986276e+00 7.203700787848390519e-01 2.878822413204627839e+00 2.470033210942085056e+00
4.586486506648732586e+00 2.495152775981230864e+00 4.973224797026019051e-01 2.313913815472047553e+00 3.267487066189513456e+00 4.219437775108737299e+00 5.353139889341862911e+00 4.763922085555954311e+00 5.061446534281208720e+00 3.194480180891506649e+00 1.054040891045583184e+00
1.506046318581598653e+00 9.221556828064019218e-01 6.570997524153566749e-01 1.463465908720209985e+00 9.059173089831498160e-01 2.313680858151987429e+00 2.054626072693441330e+00 1.331550817807650056e+00 1.639951381795720975e+00 2.043911892416285792e+00 2.262634379436799792e-01
1.859892304273692343e+00 6.821435626167524635e-01 2.864548575181490975e+00 1.200609418950414842e+00 1.078202219365109515e+00 8.534207842511697395e-01 3.150042152741055368e+00 2.152725611384170623e+00 1.397926761231911730e+00 1.348781867181835903e+00 1.777470130545839355e+00
4.480857266886609125e+00 2.763435460601773919e+00 1.188359649833915288e+00 2.206767316928639477e+00 2.266796451329842643e+00 3.926747986281569958e+00 4.496627960431810678e+00 3.879555761688676885e+00 5.314818797031061415e+00 1.859967745781992532e+00 8.910434568339742345e-01
4.350482156811622758e+00 1.543982502631537912e+00 1.958332489388266984e+00 2.693925423519966778e+00 1.943824897110627115e+00 5.323783907382514613e+00 6.575000441743506840e+00 4.081002566074130478e+00 5.133841416567593186e+00 3.814684779548946914e+00 4.558873653650392654e+00
2.823382686183382173e+00 6.786351429364371191e-01 3.954987947942158133e+00 2.515856685280271066e+00 7.889097835099567746e-01 4.071503174857434182e+00 5.195689749224490228e+00 2.443452277732147238e+00 3.016858744978255125e+00 3.267493426384298516e+00 3.752066953477962485e+00
7.800083563946326182e-01 8.511610108985385725e-01 4.802096143037320464e-01 2.212631636428899373e+00 8.552322745154117278e-02 2.522463137384244547e+00 1.170353548927832943e+00 1.204308587209813597e-01 6.414321032745284867e-01 1.438483810456221423e+00 9.502950628142260436e-01
3.512076767190818849e+00 2.066062740038134837e+00 1.078370446061585941e+00 2.191819273192176620e+00 1.886171922398268253e+00 3.453854914350306782e+00 2.809310656139069273e+00 2.944872039689657495e+00 3.890897123826127402e+00 1.980456577500608661e+00 6.419463113921054509e-01
1.252811236596016453e+00 2.070737230629929648e+00 5.246172214965683089e+00 1.365712454625194194e-01 1.174845682618722575e+00 2.379112411973237418e+00 8.868871812097721685e-01 4.629742950983193328e-01 3.905193080627179292e+00 1.584101478561366072e+00 2.165576360323893113e+00
4.302069169447446662e+00 3.300199162116761897e+00 8.323325273151054304e+00 7.450247258048304788e-01 2.595101957612230503e+00 3.852163840010137008e+00 1.731891045387435213e+00 3.195794905636454963e+00 6.191436728249902544e+00 1.854846540792118859e-01 6.616432695730025682e-01
3.200442444422632704e+00 1.702816725754984661e+00 1.614719332351066239e+00 1.713392983900500210e+00 1.376785675743256832e+00 2.356215278929778112e+00 2.055556620920209632e+00 1.914720422093912910e+00 2.981277236144797449e+00 1.646475458322516627e-01 2.557017230955835330e-01
1.544837983416181837e+00 1.205880626750717388e+00 2.594701644786365335e+00 5.067825642033058076e-02 8.073676945191285981e-01 5.461182973351510483e-01 9.788098802513656160e-01 1.213187513223510816e+00 2.107324198775437196e+00 6.317662194473037118e-01 1.137561232912059683e+00
1.792539899131491143e+00 1.116776863904531680e+00 2.335501037376288114e+00 1.031990468615841872e+00 1.108817851752746719e+00 8.659806555611743173e-01 1.199695998127839891e-01 6.501990173327066858e-01 1.018996526073524977e+00 6.036367884602895639e-01 1.257856004574509079e+00
2.915573841571154290e+00 2.606013095206785923e+00 6.015075471649989680e+00 6.982130937403181470e-01 7.124465128952475190e-01 2.266746327360095403e+00 9.198347996387949976e-01 1.045542328286344302e+00 4.119133634701570124e+00 1.147303821278636837e+00 6.700444523045316902e-01
3.652563220980010072e+00 1.390200527483839155e+00 1.947965371025441872e+00 2.071209796328888242e+00 1.843350002812907062e+00 1.638540567495652134e+00 1.743044432608487737e+00 1.996131276631892604e+00 2.121648419424154053e+00 2.434571347078359760e-02 1.165330491507273081e+00
4.357580102990930015e+00 2.040426479781455971e+00 3.042648867258098022e+00 1.947976908878729319e+00 2.925171285524363451e+00 2.521364290825500731e+00 2.518118275343049106e+00 3.401901990836512457e+00 3.586206655947438371e+00 6.835437250015220512e-01 3.921767343196451705e-01
2.093521624186944319e+00 1.250081130247910011e+00 1.244791136677882104e+00 9.289505126841561822e-01 1.501895487675823926e+00 2.384458951665276771e+00 2.471189427832055419e+00 2.278816363477988993e+00 2.812322894570225884e+00 1.910479115006530115e+00 7.048607630140137914e-01
1.656539703924804485e-01 1.501865867892815398e-01 8.725654523833097365e-01 1.180143283782747465e-01 5.205799825152979121e-01 1.245377120597862264e-01 9.651115585983620626e-01 3.793690004694973972e-01 3.822915536560428373e-02 1.060001312203777246e+00 8.084561879028577813e-01
