3.352260904952585330e-01 8.403197661058005030e-01 1.359611948618324462e-01 2.758511702348973138e+00 1.377783703115712077e+00 1.836644503828804842e-02 1.433249271308061901e-01
6.991049410347935922e-01 6.964656423403594587e-01 8.745291040869451749e-01 1.224636853054979824e+00 9.693434021252594901e-01 1.292412888968353935e+00 1.337790305351362896e-01
4.744175457252449157e-01 1.585392521199470162e-01 4.416523027010674229e-02 5.102259293027902043e-01 5.319405416423437227e-01 1.507613083517651276e-01 4.879436461360813770e-01
5.521436810526256789e-01 8.326844503293864275e-01 9.600760603214606448e-01 4.648452658251711611e-02 1.008451677208402231e+00 8.935647235477133243e-01 6.870879673117997744e-01
5.780650891817090020e+00 3.530500799016330848e+00 5.841846747187490863e+00 2.886268272033313487e+00 3.593753150577601918e+00 4.616409517887567482e+00 4.613714327342021804e+00
2.949397477765971498e+00 6.376161126248056199e+00 4.060890125604571743e+00 2.529080587809370950e+00 3.826641829221999913e+00 3.979181680473532712e+00 4.515467994174070299e+00
6.260634993545602933e-01 2.727991876328996312e+00 1.187453347387622093e+00 2.501925645443638047e+00 5.508735887191493763e-01 1.128723898426402750e+00 1.781688208250994609e+00
6.249877247443961226e-01 2.305399960555612360e+00 1.389695573737846468e+00 8.405860665470371584e-01 1.306742024147480752e+00 6.361106471770158199e-01 1.705148032070986197e+00
6.155873219609998559e-01 4.384242700425514672e-01 5.115433158928467394e-01 9.894885414481797703e-01 9.400193139327760461e-01 2.318554238082711993e+00 3.408191952898753208e+00
8.947442465740884643e+00 7.326930341070423403e+00 6.979628492526581240e+00 8.414341119470096331e+00 9.197564815170723662e+00 6.960655365811122763e+00 6.874030825278806489e+00
3.073234048796896767e-01 2.197422414910443766e+00 5.688007740386507027e-01 2.518008460054418585e+00 1.407311484769536158e-01 1.099707142163648843e+00 2.943615384527675349e+00
4.933459988010175934e-01 1.718002224847122505e+00 4.385628259171450716e-01 2.975920054092651701e-01 4.368146442585933431e-01 9.453683253260873609e-02 1.169526225778241058e+00
9.703172757623149680e-01 7.052851305361771406e-01 4.795942236287586979e-01 1.348513096150312229e+00 1.478506552178070477e-01 2.445811935769119927e-01 9.187857368976382055e-02
7.060354591714660399e-01 8.477034673422936262e-01 3.087805771932364829e-01 6.570867746959634381e-01 1.757438502446308504e-01 3.860867831008700790e-01 2.694535885319515600e-02
2.393392444765522153e+00 3.242528441463367272e+00 2.513134889234612146e+00 8.380630999029554662e-01 2.846466441856682295e+00 5.125703863344506672e+00 2.443499925150809382e-01
1.738318242429883531e+00 1.099450276203715937e+00 1.283222505424191029e+00 2.452837005350157362e+00 9.292715586091560009e-01 2.416580568237924886e-02 4.493152855286014713e+00
3.119724262005061810e+00 1.782271771678422656e+00 3.880552748954890330e+00 3.910221292771527857e+00 2.650964001843968632e+00 4.268652811354456844e+00 1.658060853730583206e+00
1.189079908068333413e+00 1.739783937539685521e+00 7.864077534871061204e-01 2.625766814499424395e+00 8.216085217701512011e-01 3.589437325762342978e-01 1.906736875014320098e+00
4.919808623934589509e-01 7.634309363137589122e-01 3.318604307324432012e-01 3.229542355372593931e+00 1.048510847337159602e+00 4.493080633275647884e-02 1.541666452741154547e+00
1.756372788886207736e+00 7.354034216292821835e-01 5.857935037247821164e-01 1.816146831127759320e+00 1.900763468756109020e+00 1.081483296828184670e+00 2.181327175516235783e+00
9.451526563669496728e-01 1.453156185062475236e+00 2.761970699930971662e+00 9.324415642245227342e-01 1.900792269959644898e+00 1.958972884378231027e+00 2.536619285437492266e+00
4.519472780602373341e+00 6.740769564966962335e+00 6.755936372174407012e+00 7.637063676244681965e-01 3.550798671287864305e+00 1.205794377361616654e+01 2.377585341814723918e+00
2.178102788589358241e+00 2.491280729420083606e+00 2.417679801949636609e+00 4.985529498365104395e+00 2.681240554780851770e+00 2.554432382964642478e+00 1.270629376161823476e+00
7.444096192616886931e-01 7.997500937858075254e-01 3.158423940688304121e-02 1.776735823070636267e+00 6.951458976690726432e-01 7.027988453542850511e-01 1.356252565417055411e+00
3.408106258785690734e+00 2.788800398754581966e+00 4.284795315037776220e+00 3.487734315660947271e+00 3.471228737069852244e+00 8.067075874775763822e+00 6.891492536363601928e+00
9.085069962713523961e-02 1.203387454375794308e+00 5.427283267769547059e-01 1.267691510170889657e-01 5.831299972998542636e-01 3.046749888243804882e+00 2.898272483601193272e+00
5.156059869906627569e+00 5.580100172529595781e+00 7.199612200660181927e+00 3.790603703946111014e-01 3.850512074248578109e+00 3.783837557356022341e+00 1.119198703356482483e+01
5.569497963735646096e+00 6.259034228338329342e+00 8.606320541830514870e+00 5.266589451699825730e-01 4.290304024198743349e+00 1.188208223279800357e+00 1.315905335484407601e+01
2.858646506383507813e+00 2.076562768120020497e+00 3.732373200876535790e+00 4.063554881262497531e+00 1.979862016822548032e+00 3.781990263066320246e+00 2.654279279109872380e+00
5.430348924806295552e-02 1.741309218115822510e+00 6.977254926815656955e-01 2.297730791366733305e-01 1.336911409198114242e+00 1.222386262151402558e+00 3.026328457491902491e-01
2.968120072152177435e+00 3.754427843790309804e+00 2.770748990249989774e+00 2.474866379046267717e+00 1.438429117898176512e+00 4.288985420651572511e+00 2.189160877039363129e+00
1.047417017138573936e+00 9.920159980690582691e-01 1.113549566322697970e+00 1.065905770278433362e+00 8.206732457562646577e-01 1.692105103362038010e+00 6.936801292131178354e-01
1.048945780153859086e+00 9.843183192050697361e-02 1.484288742448122589e+00 7.213975180960889855e-01 9.554972557832280833e-02 4.007444825461961013e-01 3.726772919170238119e+00
1.944708703647605619e+00 2.199138232622969369e+00 1.974030207301900930e+00 1.426519701850256228e+00 2.025059184971601312e+00 2.078092851866936819e+00 3.351210973878534727e+00
3.339782614960060236e+00 1.274981848952081442e-01 2.867573553491673088e+00 4.536158683501024136e+00 1.902568796914660298e+00 4.568857089484739120e+00 4.878000301058789567e+00
4.048145654913903435e+00 1.237428096576727254e+00 3.411305383046390638e+00 4.844295286965512481e+00 2.694701598613581162e+00 5.973246707060734906e+00 1.714825745134247015e+00
1.980462103979684141e+00 3.083744170057862721e-01 1.559744361163829529e-01 3.273775615139479456e+00 3.046687718799563349e+00 3.876577297572521452e+00 4.836825825797314238e+00
2.303924590823818175e+00 3.168320076490002357e+00 3.146420600143384760e+00 6.851881227247743622e-01 9.422881190677245833e-03 1.452032844913095921e+00 3.005270866626958082e+00
2.576678786350685701e-01 9.094827564984919732e-04 7.859777380759880305e-01 3.480755551357633149e+00 2.374188294056003734e+00 4.999296470679024385e-01 1.073540501414431914e+00
2.864064163660304807e+00 3.836378219929738265e+00 4.387930077208245905e+00 3.804174731391944952e-01 2.091385457915548862e-01 3.448577673248343078e+00 2.243717243931245164e+00
4.357345020474137520e+00 4.881651826689144436e+00 1.681102371675091245e+00 9.044218610717486229e+00 6.591282139073034507e+00 9.489679188716156233e+00 5.382258096044512996e+00
3.406157217762224132e+00 3.912082187996553273e+00 2.542343242250970636e+00 5.269073648048086866e+00 5.403380263326635458e+00 4.158131022532370658e+00 4.273146621146044488e+00
1.027141990752276635e-01 9.492348557572214407e-01 1.937097770321799972e+00 1.870064319109634443e+00 1.061195805798698100e-01 2.652743987011733084e-01 1.183619344955916919e+00
8.994103063596482484e-01 2.941238327973227373e-01 1.075013078859084814e+00 1.398434935753457342e+00 1.462251339717653753e+00 2.216569890081229177e-01 1.591168381726127734e+00
6.704258483028291415e-02 1.254940138701197583e+00 7.462916235342647031e-01 2.961383084569947588e+00 5.057204622294649843e-01 1.421978130555847208e+00 6.053086835957351752e+00
2.373756827733697339e-01 1.086528052596201777e-01 1.248787709322058959e+00 1.654518069994119767e+00 4.438357805592941796e-01 1.310238709981473848e-01 4.535318826204029818e+00
8.052745753105902127e-01 1.897974020234322490e+00 2.212678594145784938e+00 6.690621864363192062e-01 6.920909985882054416e-01 5.735230211658863375e+00 1.458353318620160266e-01
2.558156303685589883e+00 4.868043173957650183e+00 4.831821322757189563e+00 2.805405586365856685e+00 2.369013706872285407e+00 7.553363355887187325e+00 1.648027375588996257e-01
8.225780285189102647e-01 1.366956560857264247e+00 7.880471309217456088e-01 1.544353214274299946e+00 1.449463627377412189e+00 5.480318796225134292e-01 5.402181530869491155e+00
2.376470992363862722e-01 8.070930792030203138e-01 1.460918272059166689e+00 2.682714677545329884e+00 1.128458725288727482e+00 9.147041233789277026e-01 3.111154571563086613e+00
2.042149621680466431e+00 1.040075471365344395e+00 3.329099327013940179e-02 1.987060887558450339e+00 3.003448872012673743e+00 1.315121810735810914e+00 2.892444309323117801e-01
1.288303775471200563e+00 2.115209759153922953e+00 1.942168398725219181e+00 3.460078112703802944e+00 2.296760139753676544e+00 8.789221663795744321e-01 4.042896765203880527e+00
7.975863645444702943e-01 1.306818166833759731e+00 8.031726311740262636e-01 7.226258332278939767e-02 8.208574914271480338e-01 8.621339458948973355e-01 5.935678939242581276e-01
1.552810912311013647e+00 3.547978206277431212e+00 1.138864193495431998e+00 2.636822112447746669e+00 3.561233243497509360e+00 3.937511605894652433e-01 3.526257673978650864e+00
3.521746485744157718e-01 1.171073474631599609e+00 1.592239938299748470e-02 2.072234585453136546e-02 1.861619904846138762e-01 1.526972543083166656e+00 4.946318126571678242e-01
2.725947641485992889e+00 1.896524115226935869e+00 2.316350599224132889e+00 1.736732019938111771e+00 3.138912612584348949e+00 4.400514347549102645e+00 3.046751951284676352e+00
8.303212990540665972e-01 3.299915509067059549e-01 6.936256319952279759e-01 3.333187672793379797e+00 1.879353976408762339e+00 1.335381177543118580e+00 1.257194981971924808e+00
4.904438710942761181e-01 1.805061805790473040e+00 9.378405011567819693e-01 6.825987062109128978e-01 3.062732614159036082e-02 8.410690349515757003e-01 3.074938711759277465e-01
1.274325589991792129e-01 8.761598700979216225e-01 6.077883909484330660e-01 2.568870241917029951e+00 1.568711346150963415e+00 9.772967091801105788e-01 5.543869334580005415e+00
2.290912213513403017e+00 1.609139590421752919e+00 6.072869462754257874e-01 2.286186693061035946e+00 2.560769724117798241e+00 2.713591439471241262e+00 3.659823866278098414e+00
2.734992994010440048e-01 9.347551923563883758e-01 6.045380356833354174e-01 2.944863192840468713e+00 2.550485708333635415e+00 6.720920798119387474e-01 1.182799409304924998e+00
1.871223197798534743e+00 6.222793691213850398e-01 1.934637466719262289e-01 1.653976448564934421e+00 1.717694640622386526e+00 2.760353109169383590e+00 2.214497931522898533e+00
1.970929724141940564e+00 4.021097620906358472e+00 1.319325515595049847e+00 2.112966332359880628e+00 1.772075522387722923e+00 3.196502200733149390e+00 4.973825237852256720e+00
2.766572829237780029e-01 1.513870410726193549e+00 5.082705262817703851e-01 1.274338660382127619e+00 4.272323680828430392e-01 1.705234415452147601e-01 3.532762419204146020e+00
1.460779550159768903e+00 8.193124624602298178e-01 3.567843516074218790e+00 4.128558929058630866e+00 4.930913432291837983e-01 2.514664471753633279e+00 7.337383909286887551e-01
9.366913822373270637e-01 2.350281144073607109e+00 4.534421207992433978e-01 3.311816842887936652e+00 2.095339605242520609e+00 3.226557171337214758e+00 5.374422660796263074e-02
2.870305087256189935e+00 2.554139766349147411e+00 3.425917898677472984e+00 2.564545818590413973e+00 1.380836970503711347e+00 3.645984131494299785e+00 4.406055142743288577e+00
1.618925181437572469e+00 1.708254476814500933e+00 4.740557414058104158e-01 2.161607689780026931e+00 3.021318787238609360e+00 2.444982130913642693e-01 8.898307902109769962e-01
4.735629134497015613e+00 3.895930355081381968e+00 3.784863818393989998e+00 4.008829143903318126e+00 4.919658459436673681e+00 2.067168376429191490e+00 6.556713995329378264e+00
5.083231076793776282e+00 1.589885217360433423e+00 3.094222459571200901e+00 6.667140901672428122e-01 2.320401325928420633e+00 8.501323804455486188e-01 1.135747480627653161e+01
4.385872549695116196e-01 6.455968489169885416e-01 4.408841420676671063e+00 2.286070048348389783e-01 2.950452734802474497e-01 1.957580716261730913e-01 9.036480152240565999e+00
2.894539107999084537e-01 5.379692551175050408e-01 1.729508231845707122e+00 1.098531114321791291e-01 8.589758940488054773e-01 2.557197672459075033e-01 2.114797508611854227e+00
4.455479753446563329e+00 3.805656991314525062e+00 6.257077522040165540e+00 4.970257728879245995e+00 4.440882049772261198e+00 3.710339400158987111e+00 1.074727653524794135e+01
1.772473571786172375e+00 4.202288564420464390e-02 2.781547718984502815e+00 9.625692693321992177e-01 3.776091598130850713e-01 1.344328248643293477e+00 6.658201578972897217e+00
6.057988173444588398e-01 1.769022230334880819e+00 7.517340623806308963e-01 5.825830270780387732e-01 2.017683628806874907e+00 1.311730041040423123e+00 1.480871000642159485e+00
6.642964530356678665e-01 1.402098717556612972e-01 1.600504750204454929e+00 1.505386512647327812e+00 7.483840543533366585e-01 2.061543250619246592e-02 1.337874687607238933e-01
2.729010326548558574e+00 8.411622792503834489e-01 3.416266146475670062e+00 2.238155010411004286e-01 4.322970595527710902e-01 1.340555536918327295e+00 7.286228079170024685e+00
3.002960453333739288e+00 3.415137870729800795e+00 1.233503617326261903e+00 6.449158405227468194e+00 5.599168475411684831e+00 4.197735124256229078e+00 3.517796642352650771e-01
5.601526067621890093e+00 6.599293936555232776e+00 6.799694452867266037e+00 7.859864397034970196e+00 5.662351247814332744e+00 1.117099193548923886e+01 4.946630247620741549e+00
1.525368111839380481e+00 6.423931460466777210e+00 8.435520414251205246e-01 1.487137984955310133e+00 2.735079575191483592e+00 1.902056269266930943e+00 9.317408698821663116e-01
4.891044488620748254e-01 1.247618725852191579e+00 2.291913783166066310e+00 1.654045140531095637e+00 1.466116001700324745e+00 8.020642350015978472e-01 2.434412230236621788e+00
8.921246134567802910e-01 6.906104356775314423e-01 1.715752943910738626e+00 2.137727145779533711e+00 1.691579620454473076e+00 1.256267246513390612e+00 1.433468890007797425e+00
4.031398985370286958e+00 5.745236360881071036e+00 5.788458764066688467e+00 1.623322324293477337e+00 2.749470376885798650e+00 7.032466031166888065e+00 2.925887141310532957e+00
2.035409563259462207e+00 8.406008043371582250e-01 2.639975314190892597e+00 1.207185480948298251e+00 1.041365882136543464e+00 1.405932240825449320e+00 6.061352232526846961e+00
2.084369412692173018e+00 1.797094256433073411e+00 1.644148185497025683e+00 2.480350855034059165e+00 2.111534540347515421e+00 3.238284683421574606e+00 5.090122370209616554e-01
4.604265203856037769e-01 1.110084902556622843e+00 9.033616024168855674e-01 6.274657054579646509e-01 1.892045184201560648e-01 1.250343408869944994e+00 7.206542877766355382e-01
4.231295929100164166e+00 4.100246893778233037e+00 4.452192790690688184e+00 1.372057732571485777e+00 2.098914092042339696e+00 4.500699113304850840e+00 5.059303801570568027e+00
1.304855192494848604e+00 7.014301810023420014e-01 8.441976756233087187e-01 4.923953553262827576e-01 1.190439547550851962e-01 7.238981657310490370e-01 1.810687135057668984e+00
7.361651231615796709e-01 2.807945452357756833e-01 2.150938692194230561e-01 7.533066436393119902e-01 1.056943141000330488e+00 1.476631793512983348e+00 6.418661861229377763e-01
3.416812868694163452e-02 7.693808051860383523e-01 4.284511863844708834e-02 1.100399521249721957e+00 3.846562698803157043e-01 6.858393870120012004e-01 2.656923040668797142e+00
