4.741438356829033585e-01 4.499376227146965057e-01 1.219932694359778136e+00 4.455135961749197016e-01 9.448257634392435156e-01 1.176417750259363348e+00 1.379988618106403386e+00 1.019800501792466729e+00 1.149882078137790947e-01
3.491410153878897304e+00 3.446841089881878428e+00 2.570999385565565731e+00 4.312925619496760454e+00 1.177781131390197800e+00 3.326950520136591205e-01 2.683376882933145247e+00 4.073296636180530506e+00 2.705101393763925444e+00
1.161220677966757542e+00 1.069739370161087555e+00 1.502072083109334821e-02 1.530549099858675488e+00 1.639411884353478288e-01 1.194301575732792831e+00 1.637017029494711950e+00 1.242987413574256461e+00 2.149913363236750641e+00
3.423349961689836629e-01 5.013825863182790332e-01 3.301581067231536548e-01 9.724624812742487245e-01 3.343602285629065918e-01 8.591821630390705788e-02 1.043520210859043340e+00 4.468645932684770505e-01 9.979463073244724258e-01
2.141487988020588151e+00 3.542209608538642751e+00 2.636889631249880850e+00 3.172592695587749034e+00 2.372310637105939257e+00 1.399312649077895099e-01 1.215848591224507391e+00 3.924400700540356390e-01 1.619865507363875690e+00
3.527993145784893869e+00 2.983129966822561929e+00 4.409682391336981588e+00 1.013492670570632637e+00 2.900590899995173721e+00 2.961193008331272747e+00 2.466718015492296967e+00 7.254173707909686852e-01 1.360515667499620829e+00
3.681791483629405781e-01 9.800137283405604416e-01 4.298753397648527597e-01 1.460539838137246527e+00 3.551711328391049527e-01 1.059491870669528879e-01 1.625976542760749544e+00 1.421870039326073476e+00 1.690936233508895770e+00
6.916327086844845651e-01 4.140323776757835472e-01 1.928980130755523770e-01 4.718306223562113155e-02 1.980859288677329078e-01 8.117418214500710105e-01 2.966349372010670948e-01 8.483733610030002037e-01 2.704582401700290073e-01
5.395117271622630994e+00 4.927688442083146825e+00 6.424967904083863424e+00 2.286930523638462720e+00 4.868897416634166753e+00 5.658917069661911547e+00 4.576537131155661520e+00 4.073052252161898146e+00 4.415477417963274753e+00
4.337180771632136445e-01 2.956919585775812820e+00 4.623187297494330217e+00 3.177000195013945927e+00 3.086433090925953859e+00 6.416959804510167231e+00 2.644354946576158660e+00 1.102131482189603329e-01 2.155844055230148326e-01
5.456839118091500573e+00 3.344685213179368954e+00 5.862154313657270244e+00 2.994639027065264969e+00 4.532006167729302426e+00 5.758638730950915274e+00 2.565256149484768766e+00 2.942770617547003642e+00 3.404674522874130194e+00
5.036434755362432014e+00 2.420269045748885794e+00 1.113330799619244749e+00 4.053216104963262012e-01 4.988312484520966983e-01 2.574017823952132744e+00 1.881970776576821436e+00 1.587196321533165921e+00 2.139359522331415242e+00
2.572675390461134359e+00 1.383002256563200527e+00 2.035177995694896769e+00 1.423107519785475006e+00 1.945549134275175618e+00 2.417126395097546343e+00 6.451592314569842834e-01 8.009741255984642594e-01 1.631820730064854175e+00
3.022652271939895385e+00 2.855185492514314305e+00 2.629995619072971635e+00 1.996835275938498189e+00 1.752062433423139609e+00 3.728156540728422286e-02 2.375937742027047328e+00 3.232216811685538982e+00 2.413539346480318315e+00
4.231719887312051398e+00 2.047048701246468649e+00 2.057716499851121039e+00 3.860121137903863353e+00 1.769507540906484433e+00 7.081115430135045408e-01 2.840845358614025873e-01 3.725996326420208948e+00 7.844038020820462975e-01
4.341105985806801293e+00 1.435146496405451000e+00 1.041071155320473673e+00 1.140361967009093647e-01 1.246283115856150925e+00 1.319258275121420798e+00 4.905663403291755653e-01 4.380952277280247387e+00 2.960081300707058105e+00
3.670529972374176886e-01 1.255216738425321665e+00 2.737496548532884155e+00 7.718959882553286800e-01 2.104666612353501165e+00 1.997850920690653398e+00 1.219422635902892349e+00 6.706906458597744480e-01 1.441096927099922764e+00
2.846202212114689711e+00 2.387611800878626234e+00 1.852340846686614917e+00 4.399624745394344671e+00 7.863466817602289272e-01 1.060222229765938717e+00 1.414348618353287623e+00 9.435498510905877545e-01 2.857624544016449941e-01
4.079956353903467559e+00 6.494753727320903280e-01 4.816571664040129042e-01 2.717591596543192711e+00 1.405433140632284528e-01 2.095398328432981572e+00 4.885298665157277176e-01 1.322189387360489077e+00 5.605916158144679251e-01
3.214696872458484123e+00 2.738425214734657720e-01 8.599548201729745323e-01 1.979539420347082856e+00 8.981155896409798167e-01 1.762773895984941497e+00 1.564532811478510421e+00 6.878132463702922861e-01 2.025691872355893430e+00
9.864999915137659947e-01 7.311750098265305198e+00 7.487879587554380656e+00 4.795615495839473219e+00 5.209727911944030510e+00 5.097498975249165731e+00 2.701818604638281496e+00 1.126739355405131704e+00 3.629577334290138291e-01
5.700478469656653502e-01 4.986553364685656575e+00 4.572779796972874067e+00 3.527731592737322508e+00 3.094082365019640957e+00 1.724061826173376444e+00 2.694797313357254698e+00 9.672896989633840148e-01 7.208442459382745637e-01
1.171662994945542824e+00 9.041114652615794833e-01 1.468691501155092505e+00 2.413741157658527037e+00 1.229312856909472007e+00 3.219910966967877375e+00 1.518745527267985063e-01 4.123027342654008165e-01 1.009656481288644381e+00
4.380491314389005630e+00 2.608271573252176623e+00 5.374789080024058308e+00 4.117496734320325480e+00 4.297128445085231618e+00 5.392075040795665686e+00 1.790896994192457292e+00 3.476528741873065265e+00 7.990429782418650984e-01
4.581424712048277614e-01 4.262319630076345511e-01 4.440655413750655534e+00 1.103071826460133131e+01 2.708593818603638681e+00 7.391210939491960730e+00 2.677649309863429750e+00 3.764563958396487386e+00 2.271529249424623309e+00
2.988234167794647789e+00 6.505867175751758325e-01 4.490866921491773134e+00 9.142965309339144753e+00 2.997941889486913869e+00 7.078536268933113718e+00 3.359872868203990670e+00 5.058558810160019625e+00 7.493864045254614581e-01
5.836381673838146877e-01 2.007017852039967742e+00 9.284752180304411961e-01 1.232647397706446712e+00 2.478050695448474894e-01 2.383907266021719762e-01 1.846258773768912009e+00 1.948064883328259222e+00 9.388412424445585075e-04
1.591018687807901788e+00 6.376768341950427299e+00 7.318290171133405408e+00 5.477317503833353030e+00 4.511396130440031627e+00 7.548288323736057848e+00 4.219440441713212309e+00 1.475588889222976707e+00 2.077928493681217681e+00
1.834681322057221120e+00 1.970584880536743189e-01 1.032953306250849801e+00 3.182406844852754824e-01 7.901104943546242154e-01 2.497700399211699285e+00 4.036031507845165289e-01 6.274318400369106596e-01 3.143928496560280950e-01
4.360223018133388528e+00 1.943353816724998406e+00 7.482234950780803917e-01 1.622161810479127775e+00 5.478777213930015044e-01 2.002693660480016291e+00 1.479876155250095415e+00 5.074722725073874674e-01 3.599156858372145606e-01
2.706910594135309545e+00 1.235927848381922489e-01 1.650960983529806247e+00 1.136565654704513317e+00 1.372820376998002079e+00 1.222866903507501490e+00 5.100177478461921377e-01 2.674874797375334623e+00 4.725429349503090792e-02
3.532743751074563843e+00 1.430148859535952832e+00 2.359261209540444160e+00 2.137585756218844502e+00 2.032689445226014247e+00 1.596882796578627417e+00 7.494009633302562978e-01 2.989341882823666197e+00 8.498989779566589187e-01
3.731570528067366332e+00 1.199641699566951214e-01 3.203096111758374498e-01 4.292176656962493730e+00 1.004913578444624811e+00 8.043138982530055880e-01 1.051028398913244954e+00 1.891418145786225136e+00 2.346463311546892472e-01
3.216776921881320916e+00 3.730259225876018103e-01 8.177380079539526836e-01 1.110688358178393731e+00 7.762167308802794263e-01 9.563987463592187321e-01 1.313718586913057873e+00 1.627394622316410411e-01 1.480152937122761192e-01
4.136366296218422001e+00 5.757307149050103767e-01 1.720217221098936378e+00 5.026532561155507395e+00 2.962358918789526285e+00 5.020634757280302729e+00 1.967710351903385835e+00 1.126908885558605133e+00 2.336549093712903424e+00
5.186322849812823321e-01 2.602035190757916894e+00 3.389481916739083278e+00 7.373973757969292997e+00 1.294552782015585546e+00 7.972282513812147808e-01 1.030850643745335526e+00 3.502487314477127356e-01 3.996212591015422255e+00
9.214609859927960223e-01 1.943273713465088370e+00 1.078269688096230805e+00 1.705786092382697516e+00 9.131615376690336294e-01 1.141231327824019592e+00 2.441946739035167901e-01 9.113449165444895694e-01 2.222633472251576592e+00
2.856707503593681530e+00 2.087441130763109332e+00 2.972356000636572571e+00 9.793305955781188565e-01 2.486488637717709338e+00 1.399025699161215330e+00 3.673089066814492765e-01 1.234897193619655109e+00 1.607473010550695358e+00
1.165499534477823840e+00 1.433859555631745941e+00 1.160950875168177965e-01 2.758586731157482763e+00 7.860472457297045246e-01 1.887552481144569194e+00 9.885532982215951003e-01 1.606237786722068517e+00 1.107605429352385595e+00
9.039284427813075729e-01 4.531497161469220103e-01 4.538356678577701864e-01 1.764447453179050385e+00 4.149016528730454234e-01 5.329103392266241190e-01 8.347093611401741331e-01 3.132049238891668752e-01 1.456077082047679161e+00
4.247532836571625836e-01 3.882791002830145555e+00 5.631805854905653774e+00 8.352691088515523887e+00 3.761245860902223459e+00 3.326570243115514192e+00 6.898808907544690117e-01 3.643510429879458723e+00 2.308477845198438239e+00
3.864565958564624815e+00 2.036037330925590805e+00 5.619431709652479512e+00 1.196551469646334098e+01 3.131288092741494555e+00 7.212686015504486292e+00 1.015007853512610581e-01 1.830174887100167513e+00 7.075500635953315687e-01
2.043417639107135919e+00 7.977741614391417047e-01 2.549059297385388501e+00 7.955898055943112723e+00 7.701698489741647391e-01 4.595818267992266115e+00 2.565273187916919717e+00 1.013957387418852996e+00 7.969727135792521455e-01
4.963943555138112806e-01 1.329345274075008909e+00 1.730237238593722804e+00 3.918134917422158026e+00 6.222378693088408408e-01 1.607472846881999207e+00 1.123264632360639004e+00 5.454318970086402540e-02 6.065169337705815789e-01
1.792707284854694882e-01 6.250329576082513938e-03 5.576946076166769961e-01 5.235128622323076408e-01 1.109814375593283442e+00 2.941161389055253927e+00 8.580664280199528093e-01 9.571794804906819110e-01 2.577562676136649245e+00
1.484035794073017112e+00 3.931749877073241195e-01 7.513284539218098024e-01 4.143118244240480585e+00 1.339200065346096702e-01 3.282691621854991193e-01 8.614741431738696109e-01 9.121187895152985670e-01 2.495487022958653878e+00
2.078029862345838197e+00 2.086021729615885612e+00 2.147672759664049469e+00 9.163196470009824512e-01 1.761233108034930162e+00 1.547038072665670283e+00 1.166985671030737581e+00 7.041892066727910571e-01 1.011318397982536865e+00
7.658141683017233303e-01 2.774604451508102088e+00 3.656779962958009556e+00 3.513727538970356612e+00 2.101266560097545089e+00 2.967737032579298440e+00 2.312885268044541309e+00 1.782038491021573856e+00 9.752521891661797282e-02
6.664794260174033980e-02 1.302954113517869050e-01 8.747895812678958549e-01 1.016432641612535770e+00 4.441060672462427972e-01 4.057916369315242022e-01 1.181611278287534761e+00 5.613789370491067965e-02 2.493728547070396484e+00
4.167450142100178612e-01 9.862193307565632061e-01 2.278951958002457090e+00 4.192823242761920532e+00 1.400682948340989498e+00 1.280671661100350800e+00 2.528166435821949110e-01 2.014062629986081987e+00 1.980759623054667351e+00
2.213385092661719789e+00 9.628525014579472074e-01 2.793766929313744818e+00 2.874791231721426144e+00 2.164250578979501682e+00 2.536532626028612736e+00 7.287382084719471464e-01 8.487530962870830642e-01 2.755200303870069867e+00
1.205241693363845012e+00 3.465277656684535579e-01 1.197907559052656890e+00 2.798849286369245792e+00 9.591827281851201814e-01 4.816698934189462822e-01 1.984575529864146537e+00 7.302634982205163938e-01 4.205732544999220224e+00
1.022615491375815200e+00 2.405702016216132666e+00 2.335329742364593120e+00 2.934812574887844860e+00 1.251155244028900437e+00 5.486240481368368505e-01 1.859635148823956197e+00 3.718417249895126897e+00 1.663053456570921185e+00
5.975500522384539437e+00 2.548992555633220469e-01 2.309418341606414016e-01 1.421359456138700850e+00 1.029084482797263833e+00 2.041918468279266818e-01 1.338717576488711369e+00 1.511960111445501242e+00 2.004069687350651385e+00
1.749700502998793539e+00 1.248179957066142709e+00 1.207824467449700290e+00 8.098038355814773936e-02 8.283505968894865346e-01 5.521213891999722234e-01 1.004042106062751571e+00 1.021310438706830137e+00 1.957940911976758513e-01
2.696560604341392331e+00 1.092443782870759605e+00 1.236631562357716430e+00 1.674796234917414361e+00 1.007717551007566659e+00 4.319685780745723402e-01 8.566765004581307075e-01 7.847682058759577473e-01 5.513960663039649823e-01
8.852983721671283668e-01 2.609710781931408041e-01 1.182812612057223545e-01 2.240270327928385541e+00 1.548637571756792952e-01 4.361760534652624477e-01 8.956716530372569318e-01 4.163932116787161797e-01 1.030559463375287921e+00
2.676610532173560486e+00 6.654630614504201125e-01 1.562919034848826216e+00 4.060778626988959417e+00 2.088679311415866824e+00 1.258271453260594308e+00 3.019855620122666284e+00 1.464457178987710106e+00 2.288857298761604486e+00
4.843388003717006285e+00 4.653211344250840042e+00 8.083097371804106146e+00 6.500129039698777866e+00 5.372163586179079076e+00 6.274300388712767962e+00 4.308212244489848075e+00 2.489593951217374368e+00 1.140197062911029846e+00
3.410890959124727728e-01 1.070990276327665303e+00 4.989899997688497235e-01 1.720050532099028029e+00 1.732003317967475975e-01 3.472185907166041030e+00 1.634514591496309288e+00 2.025931695004595134e+00 2.624273255798232451e+00
4.593513157761465848e+00 2.875870328751427785e+00 4.554051487913225671e+00 3.212081886933572328e+00 3.522862810796031141e+00 3.654152794993550835e+00 3.683700899326343592e+00 3.885109453401611290e+00 1.691340401144371786e+00
3.576175007463596955e+00 2.673484288734296888e-01 1.385071154528120907e+00 7.416237585401638910e+00 1.062771896899663560e-01 3.553768292852491406e+00 1.063177957000785989e+00 2.124514553722983923e+00 3.923106353281206271e+00
2.778203056399659143e+00 1.636006528511594116e+00 3.328744193711930865e+00 2.074584607341268594e+00 2.509067304177948987e+00 2.913645698040400855e+00 1.664661400012686698e+00 2.152308572103974527e+00 7.386966265802967779e-01
5.325160890528859881e+00 1.934212165860614396e+00 5.131136999568244317e-01 4.164789754720113812e+00 2.203579880093224919e-01 1.342658832946477254e+00 2.140615417107041729e+00 7.622923224636649620e-01 3.021418123849310966e+00
4.113438359501415675e-01 1.708805616190483878e+00 1.495119793321884050e+00 2.909234017032533703e+00 1.747346932221796267e+00 4.829252741822742223e+00 1.464535385196351902e-01 2.027234889068629808e+00 1.074479536090573895e+00
4.354882989189825970e+00 2.118177450538296647e-01 1.811606020557218644e+00 6.874977760390375892e+00 3.145359926754944802e+00 4.600867846438869257e+00 5.910297246448703579e-01 1.322524572082833139e+00 2.973421458724504252e+00
4.541955632737207260e+00 6.098879148877372813e+00 7.230236280935775639e+00 7.908892109619614530e+00 4.396391266025157840e+00 2.109485308713862750e+00 3.370483782052066335e+00 5.044222968485545522e+00 1.028088274781531197e+00
3.351724477824185922e+00 4.779361193814011699e+00 6.745094515707070748e+00 8.034397575978209360e+00 4.179000462833441176e+00 3.394730525871182625e+00 1.041475317817722956e+00 2.878548845586046845e+00 3.145315192589388964e+00
9.987205016403806201e-01 1.859258790837402309e+00 2.727960258663570059e+00 3.909801246790772122e+00 1.355908712594340759e+00 7.812083055051033398e-01 2.305385577550420617e+00 4.297261604181370487e+00 3.147733462971508356e+00
5.839230084275865984e+00 4.815072610634698158e+00 7.634097282737155155e+00 9.878645996815237140e+00 4.805834554196669828e+00 4.712076962162336180e+00 2.496603941143519911e+00 7.735860634131512370e+00 2.429037289182565118e+00
1.880048692595487125e+00 1.059297434590036779e+00 9.491615186210873301e-01 7.470173398312017099e+00 1.376061522654581593e+00 7.305565579050894431e-01 3.736961363604424768e+00 1.567062633875872191e+00 3.551154386357117332e+00
1.824297506606731289e+00 7.653933289862011602e-01 1.010241593225014833e+00 5.529901865346821488e+00 5.584855529255789985e-01 1.144973563134632943e+00 2.652046202722094570e+00 6.532076796452739309e-01 1.710149952197473899e+00
2.539887178550520375e+00 9.077541571789436992e-01 2.891510511496475200e+00 6.685534186599928930e+00 1.099385924231160327e+00 3.307386038783561855e+00 1.435824759326042033e+00 1.885944221573350177e-01 2.526323027281175415e-01
2.552440788276398642e+00 1.033892615850324770e+00 1.244553954711176275e-01 2.262404196632413989e+00 3.416197893012118403e-01 2.187762715376608824e+00 6.920502636114388428e-01 1.070755264053002920e+00 1.398722140938910119e+00
5.652973450923630683e-01 1.609732393227093050e+00 1.455590600486839525e+00 2.690483404867343165e+00 7.657018285297563231e-01 4.699247897225413695e-01 2.059002990591737525e+00 1.039574619123281307e+00 2.223652053121557781e+00
3.459281101745077081e+00 1.544886195323246447e+00 1.462011511593558577e+00 1.670564960117591369e+00 6.650571327058600879e-01 5.397306112521417232e-01 1.532979324993642756e+00 2.362212606655509806e+00 3.075064173502720100e-01
1.668514732722813587e+00 3.617719956111772550e+00 4.529156315931220256e+00 9.111322174188302370e+00 2.361430957400644459e+00 2.979428630815448287e+00 3.256396408208650506e+00 4.720290612728234692e+00 3.469767884418225368e+00
1.308789122547369121e-01 1.811353926202864395e+00 2.908725211141813816e+00 6.564812945218342577e+00 1.657499374426462113e+00 2.599497660635988971e+00 1.079631352703839031e+00 2.358184037607959027e+00 6.278475004427829242e-01
2.043265373828224707e-01 2.472241299006709969e+00 5.083811443724391310e+00 7.104461114748747086e+00 3.543085262668583812e+00 6.104064619305473727e+00 3.440839500629010450e-01 2.549852952580233811e-01 4.327666849108239289e-01
4.452708662809873985e+00 4.870772621326577401e+00 5.370739366271562787e+00 1.090567667967121324e+01 2.733616134902187689e+00 2.810446645309573110e+00 3.006359740594513053e+00 4.068545195340052878e+00 5.112059355561295870e-01
7.364471772268865735e-01 1.412857258211736244e+00 5.824259973545196090e-01 2.668162578703734855e+00 3.034041464076253636e-01 2.519937142231765126e-02 7.042909869425759695e-01 2.136537594374277482e+00 8.380082869612861529e-01
4.846030964201831104e+00 3.465511586520438225e+00 4.059402558374315184e+00 3.713473331841550262e+00 2.845776834947312928e+00 3.092042394353487822e+00 2.571325678367704093e+00 2.976895312745431621e+00 2.397383757826795581e+00
3.999943941590331953e+00 6.963345295643530442e-02 1.203645726781793490e+00 3.090380291647215394e+00 4.644512136983376394e-01 2.986274008704784322e+00 1.992276272712787399e-01 1.793645640941192498e+00 6.713036498801797647e-01
4.786933538762911056e+00 1.727096732291550030e+00 1.128157540009778526e+00 3.122777361375741467e+00 1.403009980148900215e+00 2.086531446046094307e-01 1.078298560160875441e+00 1.742573737395094191e-01 1.308607908137192855e+00
4.115439434696980925e+00 2.006340212120947708e+00 3.185887620564677558e+00 2.276272119412278805e+00 2.448090682837376519e+00 2.053019445202306059e+00 1.264690385841594766e+00 9.596325280509426792e-01 7.553226872679138504e-01
5.294796967901108431e+00 3.220979885077125182e+00 4.312742757978073271e+00 2.147713144492787940e+00 3.143365466458598156e+00 3.424860858671277875e+00 3.065040267624167925e+00 2.267000175747318380e+00 3.695807524810909683e+00
3.225401583666970495e+00 7.049711954776436418e-01 9.697770672136979409e-02 8.932873606752808060e-01 2.039505492101746920e-01 1.326232149789527304e+00 5.828414480141708154e-01 1.682467537311899408e-01 9.776139750110590665e-01
6.348049151080511265e+00 2.433982039131856290e+00 1.965816376715682878e+00 1.436578935286110470e+00 2.120276579182025056e+00 1.035534673773270020e+00 9.465734431781827052e-01 3.898284682413807323e-01 2.956110967096611919e+00
1.981610255334260273e+00 6.370514092844772325e-01 2.224236510576079739e-01 3.133859406390165914e-01 2.841258508410192674e-01 7.775575189886629879e-01 1.723417606150020875e-01 4.671629788268322203e-01 9.044138441384351745e-01
4.523385237740360498e-01 9.542644877027228745e-02 8.543267862290923609e-02 2.876905656087662133e-01 2.236792351160259984e-01 7.213800694970317062e-01 1.843798767185464982e-01 9.085141002213283912e-01 1.460381775771152357e-01
